0 1 -0
-0 0.980785 -0.19509
-0.03806 0.980785 -0.191342
0 1 -0
-0.03806 0.980785 -0.191342
-0.074658 0.980785 -0.18024
0 1 -0
-0.074658 0.980785 -0.18024
-0.108386 0.980785 -0.162212
0 1 -0
-0.108386 0.980785 -0.162212
-0.13795 0.980785 -0.13795
0 1 -0
-0.13795 0.980785 -0.13795
-0.162212 0.980785 -0.108386
0 1 -0
-0.162212 0.980785 -0.108386
-0.18024 0.980785 -0.074658
0 1 -0
-0.18024 0.980785 -0.074658
-0.191342 0.980785 -0.03806
0 1 -0
-0.191342 0.980785 -0.03806
-0.19509 0.980785 0
0 1 -0
-0.19509 0.980785 0
-0.191342 0.980785 0.03806
0 1 -0
-0.191342 0.980785 0.03806
-0.18024 0.980785 0.074658
0 1 -0
-0.18024 0.980785 0.074658
-0.162212 0.980785 0.108386
0 1 -0
-0.162212 0.980785 0.108386
-0.13795 0.980785 0.13795
0 1 -0
-0.13795 0.980785 0.13795
-0.108386 0.980785 0.162212
0 1 -0
-0.108386 0.980785 0.162212
-0.074658 0.980785 0.18024
0 1 -0
-0.074658 0.980785 0.18024
-0.03806 0.980785 0.191342
0 1 -0
-0.03806 0.980785 0.191342
0 0.980785 0.19509
0 1 -0
0 0.980785 0.19509
0.03806 0.980785 0.191342
0 1 -0
0.03806 0.980785 0.191342
0.074658 0.980785 0.18024
0 1 -0
0.074658 0.980785 0.18024
0.108387 0.980785 0.162212
0 1 -0
0.108387 0.980785 0.162212
0.13795 0.980785 0.13795
0 1 -0
0.13795 0.980785 0.13795
0.162212 0.980785 0.108386
0 1 -0
0.162212 0.980785 0.108386
0.18024 0.980785 0.074658
0 1 -0
0.18024 0.980785 0.074658
0.191342 0.980785 0.03806
0 1 -0
0.191342 0.980785 0.03806
0.19509 0.980785 -0
0 1 -0
0.19509 0.980785 -0
0.191342 0.980785 -0.038061
0 1 -0
0.191342 0.980785 -0.038061
0.18024 0.980785 -0.074658
0 1 -0
0.18024 0.980785 -0.074658
0.162211 0.980785 -0.108387
0 1 -0
0.162211 0.980785 -0.108387
0.137949 0.980785 -0.13795
0 1 -0
0.137949 0.980785 -0.13795
0.108386 0.980785 -0.162212
0 1 -0
0.108386 0.980785 -0.162212
0.074657 0.980785 -0.18024
0 1 -0
0.074657 0.980785 -0.18024
0.03806 0.980785 -0.191342
0 1 -0
0.03806 0.980785 -0.191342
-0 0.980785 -0.19509
-0 0.980785 -0.19509
-0 0.92388 -0.382683
-0.074658 0.92388 -0.37533
-0 0.980785 -0.19509
-0.074658 0.92388 -0.37533
-0.03806 0.980785 -0.191342
-0.03806 0.980785 -0.191342
-0.074658 0.92388 -0.37533
-0.146447 0.92388 -0.353553
-0.03806 0.980785 -0.191342
-0.146447 0.92388 -0.353553
-0.074658 0.980785 -0.18024
-0.074658 0.980785 -0.18024
-0.146447 0.92388 -0.353553
-0.212607 0.92388 -0.31819
-0.074658 0.980785 -0.18024
-0.212607 0.92388 -0.31819
-0.108386 0.980785 -0.162212
-0.108386 0.980785 -0.162212
-0.212607 0.92388 -0.31819
-0.270598 0.92388 -0.270598
-0.108386 0.980785 -0.162212
-0.270598 0.92388 -0.270598
-0.13795 0.980785 -0.13795
-0.13795 0.980785 -0.13795
-0.270598 0.92388 -0.270598
-0.31819 0.92388 -0.212607
-0.13795 0.980785 -0.13795
-0.31819 0.92388 -0.212607
-0.162212 0.980785 -0.108386
-0.162212 0.980785 -0.108386
-0.31819 0.92388 -0.212607
-0.353553 0.92388 -0.146447
-0.162212 0.980785 -0.108386
-0.353553 0.92388 -0.146447
-0.18024 0.980785 -0.074658
-0.18024 0.980785 -0.074658
-0.353553 0.92388 -0.146447
-0.37533 0.92388 -0.074658
-0.18024 0.980785 -0.074658
-0.37533 0.92388 -0.074658
-0.191342 0.980785 -0.03806
-0.191342 0.980785 -0.03806
-0.37533 0.92388 -0.074658
-0.382683 0.92388 0
-0.191342 0.980785 -0.03806
-0.382683 0.92388 0
-0.19509 0.980785 0
-0.19509 0.980785 0
-0.382683 0.92388 0
-0.37533 0.92388 0.074658
-0.19509 0.980785 0
-0.37533 0.92388 0.074658
-0.191342 0.980785 0.03806
-0.191342 0.980785 0.03806
-0.37533 0.92388 0.074658
-0.353553 0.92388 0.146447
-0.191342 0.980785 0.03806
-0.353553 0.92388 0.146447
-0.18024 0.980785 0.074658
-0.18024 0.980785 0.074658
-0.353553 0.92388 0.146447
-0.31819 0.92388 0.212608
-0.18024 0.980785 0.074658
-0.31819 0.92388 0.212608
-0.162212 0.980785 0.108386
-0.162212 0.980785 0.108386
-0.31819 0.92388 0.212608
-0.270598 0.92388 0.270598
-0.162212 0.980785 0.108386
-0.270598 0.92388 0.270598
-0.13795 0.980785 0.13795
-0.13795 0.980785 0.13795
-0.270598 0.92388 0.270598
-0.212607 0.92388 0.31819
-0.13795 0.980785 0.13795
-0.212607 0.92388 0.31819
-0.108386 0.980785 0.162212
-0.108386 0.980785 0.162212
-0.212607 0.92388 0.31819
-0.146446 0.92388 0.353554
-0.108386 0.980785 0.162212
-0.146446 0.92388 0.353554
-0.074658 0.980785 0.18024
-0.074658 0.980785 0.18024
-0.146446 0.92388 0.353554
-0.074657 0.92388 0.37533
-0.074658 0.980785 0.18024
-0.074657 0.92388 0.37533
-0.03806 0.980785 0.191342
-0.03806 0.980785 0.191342
-0.074657 0.92388 0.37533
0 0.92388 0.382683
-0.03806 0.980785 0.191342
0 0.92388 0.382683
0 0.980785 0.19509
0 0.980785 0.19509
0 0.92388 0.382683
0.074658 0.92388 0.37533
0 0.980785 0.19509
0.074658 0.92388 0.37533
0.03806 0.980785 0.191342
0.03806 0.980785 0.191342
0.074658 0.92388 0.37533
0.146447 0.92388 0.353553
0.03806 0.980785 0.191342
0.146447 0.92388 0.353553
0.074658 0.980785 0.18024
0.074658 0.980785 0.18024
0.146447 0.92388 0.353553
0.212608 0.92388 0.318189
0.074658 0.980785 0.18024
0.212608 0.92388 0.318189
0.108387 0.980785 0.162212
0.108387 0.980785 0.162212
0.212608 0.92388 0.318189
0.270598 0.92388 0.270598
0.108387 0.980785 0.162212
0.270598 0.92388 0.270598
0.13795 0.980785 0.13795
0.13795 0.980785 0.13795
0.270598 0.92388 0.270598
0.31819 0.92388 0.212607
0.13795 0.980785 0.13795
0.31819 0.92388 0.212607
0.162212 0.980785 0.108386
0.162212 0.980785 0.108386
0.31819 0.92388 0.212607
0.353554 0.92388 0.146446
0.162212 0.980785 0.108386
0.353554 0.92388 0.146446
0.18024 0.980785 0.074658
0.18024 0.980785 0.074658
0.353554 0.92388 0.146446
0.37533 0.92388 0.074657
0.18024 0.980785 0.074658
0.37533 0.92388 0.074657
0.191342 0.980785 0.03806
0.191342 0.980785 0.03806
0.37533 0.92388 0.074657
0.382683 0.92388 -1e-006
0.191342 0.980785 0.03806
0.382683 0.92388 -1e-006
0.19509 0.980785 -0
0.19509 0.980785 -0
0.382683 0.92388 -1e-006
0.37533 0.92388 -0.074658
0.19509 0.980785 -0
0.37533 0.92388 -0.074658
0.191342 0.980785 -0.038061
0.191342 0.980785 -0.038061
0.37533 0.92388 -0.074658
0.353553 0.92388 -0.146447
0.191342 0.980785 -0.038061
0.353553 0.92388 -0.146447
0.18024 0.980785 -0.074658
0.18024 0.980785 -0.074658
0.353553 0.92388 -0.146447
0.318189 0.92388 -0.212608
0.18024 0.980785 -0.074658
0.318189 0.92388 -0.212608
0.162211 0.980785 -0.108387
0.162211 0.980785 -0.108387
0.318189 0.92388 -0.212608
0.270598 0.92388 -0.270599
0.162211 0.980785 -0.108387
0.270598 0.92388 -0.270599
0.137949 0.980785 -0.13795
0.137949 0.980785 -0.13795
0.270598 0.92388 -0.270599
0.212607 0.92388 -0.31819
0.137949 0.980785 -0.13795
0.212607 0.92388 -0.31819
0.108386 0.980785 -0.162212
0.108386 0.980785 -0.162212
0.212607 0.92388 -0.31819
0.146446 0.92388 -0.353554
0.108386 0.980785 -0.162212
0.146446 0.92388 -0.353554
0.074657 0.980785 -0.18024
0.074657 0.980785 -0.18024
0.146446 0.92388 -0.353554
0.074657 0.92388 -0.37533
0.074657 0.980785 -0.18024
0.074657 0.92388 -0.37533
0.03806 0.980785 -0.191342
0.03806 0.980785 -0.191342
0.074657 0.92388 -0.37533
-0 0.92388 -0.382683
0.03806 0.980785 -0.191342
-0 0.92388 -0.382683
-0 0.980785 -0.19509
-0 0.92388 -0.382683
-0 0.83147 -0.55557
-0.108386 0.83147 -0.544895
-0 0.92388 -0.382683
-0.108386 0.83147 -0.544895
-0.074658 0.92388 -0.37533
-0.074658 0.92388 -0.37533
-0.108386 0.83147 -0.544895
-0.212607 0.83147 -0.51328
-0.074658 0.92388 -0.37533
-0.212607 0.83147 -0.51328
-0.146447 0.92388 -0.353553
-0.146447 0.92388 -0.353553
-0.212607 0.83147 -0.51328
-0.308658 0.83147 -0.46194
-0.146447 0.92388 -0.353553
-0.308658 0.83147 -0.46194
-0.212607 0.92388 -0.31819
-0.212607 0.92388 -0.31819
-0.308658 0.83147 -0.46194
-0.392847 0.83147 -0.392847
-0.212607 0.92388 -0.31819
-0.392847 0.83147 -0.392847
-0.270598 0.92388 -0.270598
-0.270598 0.92388 -0.270598
-0.392847 0.83147 -0.392847
-0.46194 0.83147 -0.308658
-0.270598 0.92388 -0.270598
-0.46194 0.83147 -0.308658
-0.31819 0.92388 -0.212607
-0.31819 0.92388 -0.212607
-0.46194 0.83147 -0.308658
-0.51328 0.83147 -0.212607
-0.31819 0.92388 -0.212607
-0.51328 0.83147 -0.212607
-0.353553 0.92388 -0.146447
-0.353553 0.92388 -0.146447
-0.51328 0.83147 -0.212607
-0.544895 0.83147 -0.108386
-0.353553 0.92388 -0.146447
-0.544895 0.83147 -0.108386
-0.37533 0.92388 -0.074658
-0.37533 0.92388 -0.074658
-0.544895 0.83147 -0.108386
-0.55557 0.83147 0
-0.37533 0.92388 -0.074658
-0.55557 0.83147 0
-0.382683 0.92388 0
-0.382683 0.92388 0
-0.55557 0.83147 0
-0.544895 0.83147 0.108387
-0.382683 0.92388 0
-0.544895 0.83147 0.108387
-0.37533 0.92388 0.074658
-0.37533 0.92388 0.074658
-0.544895 0.83147 0.108387
-0.51328 0.83147 0.212608
-0.37533 0.92388 0.074658
-0.51328 0.83147 0.212608
-0.353553 0.92388 0.146447
-0.353553 0.92388 0.146447
-0.51328 0.83147 0.212608
-0.46194 0.83147 0.308659
-0.353553 0.92388 0.146447
-0.46194 0.83147 0.308659
-0.31819 0.92388 0.212608
-0.31819 0.92388 0.212608
-0.46194 0.83147 0.308659
-0.392847 0.83147 0.392848
-0.31819 0.92388 0.212608
-0.392847 0.83147 0.392848
-0.270598 0.92388 0.270598
-0.270598 0.92388 0.270598
-0.392847 0.83147 0.392848
-0.308658 0.83147 0.46194
-0.270598 0.92388 0.270598
-0.308658 0.83147 0.46194
-0.212607 0.92388 0.31819
-0.212607 0.92388 0.31819
-0.308658 0.83147 0.46194
-0.212607 0.83147 0.51328
-0.212607 0.92388 0.31819
-0.212607 0.83147 0.51328
-0.146446 0.92388 0.353554
-0.146446 0.92388 0.353554
-0.212607 0.83147 0.51328
-0.108386 0.83147 0.544895
-0.146446 0.92388 0.353554
-0.108386 0.83147 0.544895
-0.074657 0.92388 0.37533
-0.074657 0.92388 0.37533
-0.108386 0.83147 0.544895
1e-006 0.83147 0.55557
-0.074657 0.92388 0.37533
1e-006 0.83147 0.55557
0 0.92388 0.382683
0 0.92388 0.382683
1e-006 0.83147 0.55557
0.108387 0.83147 0.544895
0 0.92388 0.382683
0.108387 0.83147 0.544895
0.074658 0.92388 0.37533
0.074658 0.92388 0.37533
0.108387 0.83147 0.544895
0.212608 0.83147 0.51328
0.074658 0.92388 0.37533
0.212608 0.83147 0.51328
0.146447 0.92388 0.353553
0.146447 0.92388 0.353553
0.212608 0.83147 0.51328
0.308659 0.83147 0.461939
0.146447 0.92388 0.353553
0.308659 0.83147 0.461939
0.212608 0.92388 0.318189
0.212608 0.92388 0.318189
0.308659 0.83147 0.461939
0.392848 0.83147 0.392847
0.212608 0.92388 0.318189
0.392848 0.83147 0.392847
0.270598 0.92388 0.270598
0.270598 0.92388 0.270598
0.392848 0.83147 0.392847
0.46194 0.83147 0.308658
0.270598 0.92388 0.270598
0.46194 0.83147 0.308658
0.31819 0.92388 0.212607
0.31819 0.92388 0.212607
0.46194 0.83147 0.308658
0.51328 0.83147 0.212607
0.31819 0.92388 0.212607
0.51328 0.83147 0.212607
0.353554 0.92388 0.146446
0.353554 0.92388 0.146446
0.51328 0.83147 0.212607
0.544895 0.83147 0.108386
0.353554 0.92388 0.146446
0.544895 0.83147 0.108386
0.37533 0.92388 0.074657
0.37533 0.92388 0.074657
0.544895 0.83147 0.108386
0.55557 0.83147 -1e-006
0.37533 0.92388 0.074657
0.55557 0.83147 -1e-006
0.382683 0.92388 -1e-006
0.382683 0.92388 -1e-006
0.55557 0.83147 -1e-006
0.544895 0.83147 -0.108387
0.382683 0.92388 -1e-006
0.544895 0.83147 -0.108387
0.37533 0.92388 -0.074658
0.37533 0.92388 -0.074658
0.544895 0.83147 -0.108387
0.51328 0.83147 -0.212608
0.37533 0.92388 -0.074658
0.51328 0.83147 -0.212608
0.353553 0.92388 -0.146447
0.353553 0.92388 -0.146447
0.51328 0.83147 -0.212608
0.461939 0.83147 -0.308659
0.353553 0.92388 -0.146447
0.461939 0.83147 -0.308659
0.318189 0.92388 -0.212608
0.318189 0.92388 -0.212608
0.461939 0.83147 -0.308659
0.392847 0.83147 -0.392848
0.318189 0.92388 -0.212608
0.392847 0.83147 -0.392848
0.270598 0.92388 -0.270599
0.270598 0.92388 -0.270599
0.392847 0.83147 -0.392848
0.308657 0.83147 -0.46194
0.270598 0.92388 -0.270599
0.308657 0.83147 -0.46194
0.212607 0.92388 -0.31819
0.212607 0.92388 -0.31819
0.308657 0.83147 -0.46194
0.212606 0.83147 -0.51328
0.212607 0.92388 -0.31819
0.212606 0.83147 -0.51328
0.146446 0.92388 -0.353554
0.146446 0.92388 -0.353554
0.212606 0.83147 -0.51328
0.108385 0.83147 -0.544895
0.146446 0.92388 -0.353554
0.108385 0.83147 -0.544895
0.074657 0.92388 -0.37533
0.074657 0.92388 -0.37533
0.108385 0.83147 -0.544895
-0 0.83147 -0.55557
0.074657 0.92388 -0.37533
-0 0.83147 -0.55557
-0 0.92388 -0.382683
-0 0.83147 -0.55557
-0 0.707107 -0.707107
-0.13795 0.707107 -0.69352
-0 0.83147 -0.55557
-0.13795 0.707107 -0.69352
-0.108386 0.83147 -0.544895
-0.108386 0.83147 -0.544895
-0.13795 0.707107 -0.69352
-0.270598 0.707107 -0.653282
-0.108386 0.83147 -0.544895
-0.270598 0.707107 -0.653282
-0.212607 0.83147 -0.51328
-0.212607 0.83147 -0.51328
-0.270598 0.707107 -0.653282
-0.392847 0.707107 -0.587938
-0.212607 0.83147 -0.51328
-0.392847 0.707107 -0.587938
-0.308658 0.83147 -0.46194
-0.308658 0.83147 -0.46194
-0.392847 0.707107 -0.587938
-0.5 0.707107 -0.5
-0.308658 0.83147 -0.46194
-0.5 0.707107 -0.5
-0.392847 0.83147 -0.392847
-0.392847 0.83147 -0.392847
-0.5 0.707107 -0.5
-0.587938 0.707107 -0.392847
-0.392847 0.83147 -0.392847
-0.587938 0.707107 -0.392847
-0.46194 0.83147 -0.308658
-0.46194 0.83147 -0.308658
-0.587938 0.707107 -0.392847
-0.653282 0.707107 -0.270598
-0.46194 0.83147 -0.308658
-0.653282 0.707107 -0.270598
-0.51328 0.83147 -0.212607
-0.51328 0.83147 -0.212607
-0.653282 0.707107 -0.270598
-0.69352 0.707107 -0.13795
-0.51328 0.83147 -0.212607
-0.69352 0.707107 -0.13795
-0.544895 0.83147 -0.108386
-0.544895 0.83147 -0.108386
-0.69352 0.707107 -0.13795
-0.707107 0.707107 0
-0.544895 0.83147 -0.108386
-0.707107 0.707107 0
-0.55557 0.83147 0
-0.55557 0.83147 0
-0.707107 0.707107 0
-0.69352 0.707107 0.13795
-0.55557 0.83147 0
-0.69352 0.707107 0.13795
-0.544895 0.83147 0.108387
-0.544895 0.83147 0.108387
-0.69352 0.707107 0.13795
-0.653281 0.707107 0.270598
-0.544895 0.83147 0.108387
-0.653281 0.707107 0.270598
-0.51328 0.83147 0.212608
-0.51328 0.83147 0.212608
-0.653281 0.707107 0.270598
-0.587938 0.707107 0.392848
-0.51328 0.83147 0.212608
-0.587938 0.707107 0.392848
-0.46194 0.83147 0.308659
-0.46194 0.83147 0.308659
-0.587938 0.707107 0.392848
-0.5 0.707107 0.5
-0.46194 0.83147 0.308659
-0.5 0.707107 0.5
-0.392847 0.83147 0.392848
-0.392847 0.83147 0.392848
-0.5 0.707107 0.5
-0.392847 0.707107 0.587938
-0.392847 0.83147 0.392848
-0.392847 0.707107 0.587938
-0.308658 0.83147 0.46194
-0.308658 0.83147 0.46194
-0.392847 0.707107 0.587938
-0.270598 0.707107 0.653282
-0.308658 0.83147 0.46194
-0.270598 0.707107 0.653282
-0.212607 0.83147 0.51328
-0.212607 0.83147 0.51328
-0.270598 0.707107 0.653282
-0.137949 0.707107 0.69352
-0.212607 0.83147 0.51328
-0.137949 0.707107 0.69352
-0.108386 0.83147 0.544895
-0.108386 0.83147 0.544895
-0.137949 0.707107 0.69352
1e-006 0.707107 0.707107
-0.108386 0.83147 0.544895
1e-006 0.707107 0.707107
1e-006 0.83147 0.55557
1e-006 0.83147 0.55557
1e-006 0.707107 0.707107
0.13795 0.707107 0.69352
1e-006 0.83147 0.55557
0.13795 0.707107 0.69352
0.108387 0.83147 0.544895
0.108387 0.83147 0.544895
0.13795 0.707107 0.69352
0.270599 0.707107 0.653281
0.108387 0.83147 0.544895
0.270599 0.707107 0.653281
0.212608 0.83147 0.51328
0.212608 0.83147 0.51328
0.270599 0.707107 0.653281
0.392848 0.707107 0.587937
0.212608 0.83147 0.51328
0.392848 0.707107 0.587937
0.308659 0.83147 0.461939
0.308659 0.83147 0.461939
0.392848 0.707107 0.587937
0.500001 0.707107 0.499999
0.308659 0.83147 0.461939
0.500001 0.707107 0.499999
0.392848 0.83147 0.392847
0.392848 0.83147 0.392847
0.500001 0.707107 0.499999
0.587938 0.707107 0.392847
0.392848 0.83147 0.392847
0.587938 0.707107 0.392847
0.46194 0.83147 0.308658
0.46194 0.83147 0.308658
0.587938 0.707107 0.392847
0.653282 0.707107 0.270597
0.46194 0.83147 0.308658
0.653282 0.707107 0.270597
0.51328 0.83147 0.212607
0.51328 0.83147 0.212607
0.653282 0.707107 0.270597
0.69352 0.707107 0.137949
0.51328 0.83147 0.212607
0.69352 0.707107 0.137949
0.544895 0.83147 0.108386
0.544895 0.83147 0.108386
0.69352 0.707107 0.137949
0.707107 0.707107 -1e-006
0.544895 0.83147 0.108386
0.707107 0.707107 -1e-006
0.55557 0.83147 -1e-006
0.55557 0.83147 -1e-006
0.707107 0.707107 -1e-006
0.69352 0.707107 -0.137951
0.55557 0.83147 -1e-006
0.69352 0.707107 -0.137951
0.544895 0.83147 -0.108387
0.544895 0.83147 -0.108387
0.69352 0.707107 -0.137951
0.653281 0.707107 -0.270599
0.544895 0.83147 -0.108387
0.653281 0.707107 -0.270599
0.51328 0.83147 -0.212608
0.51328 0.83147 -0.212608
0.653281 0.707107 -0.270599
0.587937 0.707107 -0.392849
0.51328 0.83147 -0.212608
0.587937 0.707107 -0.392849
0.461939 0.83147 -0.308659
0.461939 0.83147 -0.308659
0.587937 0.707107 -0.392849
0.499999 0.707107 -0.500001
0.461939 0.83147 -0.308659
0.499999 0.707107 -0.500001
0.392847 0.83147 -0.392848
0.392847 0.83147 -0.392848
0.499999 0.707107 -0.500001
0.392846 0.707107 -0.587939
0.392847 0.83147 -0.392848
0.392846 0.707107 -0.587939
0.308657 0.83147 -0.46194
0.308657 0.83147 -0.46194
0.392846 0.707107 -0.587939
0.270597 0.707107 -0.653282
0.308657 0.83147 -0.46194
0.270597 0.707107 -0.653282
0.212606 0.83147 -0.51328
0.212606 0.83147 -0.51328
0.270597 0.707107 -0.653282
0.137948 0.707107 -0.69352
0.212606 0.83147 -0.51328
0.137948 0.707107 -0.69352
0.108385 0.83147 -0.544895
0.108385 0.83147 -0.544895
0.137948 0.707107 -0.69352
-0 0.707107 -0.707107
0.108385 0.83147 -0.544895
-0 0.707107 -0.707107
-0 0.83147 -0.55557
-0 0.707107 -0.707107
-0 0.55557 -0.83147
-0.162212 0.55557 -0.815493
-0 0.707107 -0.707107
-0.162212 0.55557 -0.815493
-0.13795 0.707107 -0.69352
-0.13795 0.707107 -0.69352
-0.162212 0.55557 -0.815493
-0.31819 0.55557 -0.768178
-0.13795 0.707107 -0.69352
-0.31819 0.55557 -0.768178
-0.270598 0.707107 -0.653282
-0.270598 0.707107 -0.653282
-0.31819 0.55557 -0.768178
-0.46194 0.55557 -0.691342
-0.270598 0.707107 -0.653282
-0.46194 0.55557 -0.691342
-0.392847 0.707107 -0.587938
-0.392847 0.707107 -0.587938
-0.46194 0.55557 -0.691342
-0.587938 0.55557 -0.587938
-0.392847 0.707107 -0.587938
-0.587938 0.55557 -0.587938
-0.5 0.707107 -0.5
-0.5 0.707107 -0.5
-0.587938 0.55557 -0.587938
-0.691342 0.55557 -0.46194
-0.5 0.707107 -0.5
-0.691342 0.55557 -0.46194
-0.587938 0.707107 -0.392847
-0.587938 0.707107 -0.392847
-0.691342 0.55557 -0.46194
-0.768178 0.55557 -0.31819
-0.587938 0.707107 -0.392847
-0.768178 0.55557 -0.31819
-0.653282 0.707107 -0.270598
-0.653282 0.707107 -0.270598
-0.768178 0.55557 -0.31819
-0.815493 0.55557 -0.162211
-0.653282 0.707107 -0.270598
-0.815493 0.55557 -0.162211
-0.69352 0.707107 -0.13795
-0.69352 0.707107 -0.13795
-0.815493 0.55557 -0.162211
-0.83147 0.55557 0
-0.69352 0.707107 -0.13795
-0.83147 0.55557 0
-0.707107 0.707107 0
-0.707107 0.707107 0
-0.83147 0.55557 0
-0.815493 0.55557 0.162212
-0.707107 0.707107 0
-0.815493 0.55557 0.162212
-0.69352 0.707107 0.13795
-0.69352 0.707107 0.13795
-0.815493 0.55557 0.162212
-0.768178 0.55557 0.31819
-0.69352 0.707107 0.13795
-0.768178 0.55557 0.31819
-0.653281 0.707107 0.270598
-0.653281 0.707107 0.270598
-0.768178 0.55557 0.31819
-0.691341 0.55557 0.46194
-0.653281 0.707107 0.270598
-0.691341 0.55557 0.46194
-0.587938 0.707107 0.392848
-0.587938 0.707107 0.392848
-0.691341 0.55557 0.46194
-0.587937 0.55557 0.587938
-0.587938 0.707107 0.392848
-0.587937 0.55557 0.587938
-0.5 0.707107 0.5
-0.5 0.707107 0.5
-0.587937 0.55557 0.587938
-0.461939 0.55557 0.691342
-0.5 0.707107 0.5
-0.461939 0.55557 0.691342
-0.392847 0.707107 0.587938
-0.392847 0.707107 0.587938
-0.461939 0.55557 0.691342
-0.318189 0.55557 0.768178
-0.392847 0.707107 0.587938
-0.318189 0.55557 0.768178
-0.270598 0.707107 0.653282
-0.270598 0.707107 0.653282
-0.318189 0.55557 0.768178
-0.162211 0.55557 0.815493
-0.270598 0.707107 0.653282
-0.162211 0.55557 0.815493
-0.137949 0.707107 0.69352
-0.137949 0.707107 0.69352
-0.162211 0.55557 0.815493
1e-006 0.55557 0.83147
-0.137949 0.707107 0.69352
1e-006 0.55557 0.83147
1e-006 0.707107 0.707107
1e-006 0.707107 0.707107
1e-006 0.55557 0.83147
0.162213 0.55557 0.815493
1e-006 0.707107 0.707107
0.162213 0.55557 0.815493
0.13795 0.707107 0.69352
0.13795 0.707107 0.69352
0.162213 0.55557 0.815493
0.31819 0.55557 0.768177
0.13795 0.707107 0.69352
0.31819 0.55557 0.768177
0.270599 0.707107 0.653281
0.270599 0.707107 0.653281
0.31819 0.55557 0.768177
0.461941 0.55557 0.691341
0.270599 0.707107 0.653281
0.461941 0.55557 0.691341
0.392848 0.707107 0.587937
0.392848 0.707107 0.587937
0.461941 0.55557 0.691341
0.587939 0.55557 0.587937
0.392848 0.707107 0.587937
0.587939 0.55557 0.587937
0.500001 0.707107 0.499999
0.500001 0.707107 0.499999
0.587939 0.55557 0.587937
0.691342 0.55557 0.461939
0.500001 0.707107 0.499999
0.691342 0.55557 0.461939
0.587938 0.707107 0.392847
0.587938 0.707107 0.392847
0.691342 0.55557 0.461939
0.768178 0.55557 0.318189
0.587938 0.707107 0.392847
0.768178 0.55557 0.318189
0.653282 0.707107 0.270597
0.653282 0.707107 0.270597
0.768178 0.55557 0.318189
0.815493 0.55557 0.16221
0.653282 0.707107 0.270597
0.815493 0.55557 0.16221
0.69352 0.707107 0.137949
0.69352 0.707107 0.137949
0.815493 0.55557 0.16221
0.83147 0.55557 -1e-006
0.69352 0.707107 0.137949
0.83147 0.55557 -1e-006
0.707107 0.707107 -1e-006
0.707107 0.707107 -1e-006
0.83147 0.55557 -1e-006
0.815493 0.55557 -0.162213
0.707107 0.707107 -1e-006
0.815493 0.55557 -0.162213
0.69352 0.707107 -0.137951
0.69352 0.707107 -0.137951
0.815493 0.55557 -0.162213
0.768177 0.55557 -0.318191
0.69352 0.707107 -0.137951
0.768177 0.55557 -0.318191
0.653281 0.707107 -0.270599
0.653281 0.707107 -0.270599
0.768177 0.55557 -0.318191
0.691341 0.55557 -0.461941
0.653281 0.707107 -0.270599
0.691341 0.55557 -0.461941
0.587937 0.707107 -0.392849
0.587937 0.707107 -0.392849
0.691341 0.55557 -0.461941
0.587937 0.55557 -0.587939
0.587937 0.707107 -0.392849
0.587937 0.55557 -0.587939
0.499999 0.707107 -0.500001
0.499999 0.707107 -0.500001
0.587937 0.55557 -0.587939
0.461938 0.55557 -0.691343
0.499999 0.707107 -0.500001
0.461938 0.55557 -0.691343
0.392846 0.707107 -0.587939
0.392846 0.707107 -0.587939
0.461938 0.55557 -0.691343
0.318188 0.55557 -0.768178
0.392846 0.707107 -0.587939
0.318188 0.55557 -0.768178
0.270597 0.707107 -0.653282
0.270597 0.707107 -0.653282
0.318188 0.55557 -0.768178
0.16221 0.55557 -0.815494
0.270597 0.707107 -0.653282
0.16221 0.55557 -0.815494
0.137948 0.707107 -0.69352
0.137948 0.707107 -0.69352
0.16221 0.55557 -0.815494
-0 0.55557 -0.83147
0.137948 0.707107 -0.69352
-0 0.55557 -0.83147
-0 0.707107 -0.707107
-0 0.55557 -0.83147
-0 0.382683 -0.92388
-0.18024 0.382683 -0.906127
-0 0.55557 -0.83147
-0.18024 0.382683 -0.906127
-0.162212 0.55557 -0.815493
-0.162212 0.55557 -0.815493
-0.18024 0.382683 -0.906127
-0.353553 0.382683 -0.853553
-0.162212 0.55557 -0.815493
-0.353553 0.382683 -0.853553
-0.31819 0.55557 -0.768178
-0.31819 0.55557 -0.768178
-0.353553 0.382683 -0.853553
-0.51328 0.382683 -0.768178
-0.31819 0.55557 -0.768178
-0.51328 0.382683 -0.768178
-0.46194 0.55557 -0.691342
-0.46194 0.55557 -0.691342
-0.51328 0.382683 -0.768178
-0.653281 0.382683 -0.653281
-0.46194 0.55557 -0.691342
-0.653281 0.382683 -0.653281
-0.587938 0.55557 -0.587938
-0.587938 0.55557 -0.587938
-0.653281 0.382683 -0.653281
-0.768178 0.382683 -0.51328
-0.587938 0.55557 -0.587938
-0.768178 0.382683 -0.51328
-0.691342 0.55557 -0.46194
-0.691342 0.55557 -0.46194
-0.768178 0.382683 -0.51328
-0.853553 0.382683 -0.353553
-0.691342 0.55557 -0.46194
-0.853553 0.382683 -0.353553
-0.768178 0.55557 -0.31819
-0.768178 0.55557 -0.31819
-0.853553 0.382683 -0.353553
-0.906127 0.382683 -0.18024
-0.768178 0.55557 -0.31819
-0.906127 0.382683 -0.18024
-0.815493 0.55557 -0.162211
-0.815493 0.55557 -0.162211
-0.906127 0.382683 -0.18024
-0.92388 0.382683 0
-0.815493 0.55557 -0.162211
-0.92388 0.382683 0
-0.83147 0.55557 0
-0.83147 0.55557 0
-0.92388 0.382683 0
-0.906127 0.382683 0.18024
-0.83147 0.55557 0
-0.906127 0.382683 0.18024
-0.815493 0.55557 0.162212
-0.815493 0.55557 0.162212
-0.906127 0.382683 0.18024
-0.853553 0.382683 0.353554
-0.815493 0.55557 0.162212
-0.853553 0.382683 0.353554
-0.768178 0.55557 0.31819
-0.768178 0.55557 0.31819
-0.853553 0.382683 0.353554
-0.768178 0.382683 0.51328
-0.768178 0.55557 0.31819
-0.768178 0.382683 0.51328
-0.691341 0.55557 0.46194
-0.691341 0.55557 0.46194
-0.768178 0.382683 0.51328
-0.653281 0.382683 0.653282
-0.691341 0.55557 0.46194
-0.653281 0.382683 0.653282
-0.587937 0.55557 0.587938
-0.587937 0.55557 0.587938
-0.653281 0.382683 0.653282
-0.513279 0.382683 0.768178
-0.587937 0.55557 0.587938
-0.513279 0.382683 0.768178
-0.461939 0.55557 0.691342
-0.461939 0.55557 0.691342
-0.513279 0.382683 0.768178
-0.353553 0.382683 0.853554
-0.461939 0.55557 0.691342
-0.353553 0.382683 0.853554
-0.318189 0.55557 0.768178
-0.318189 0.55557 0.768178
-0.353553 0.382683 0.853554
-0.180239 0.382683 0.906128
-0.318189 0.55557 0.768178
-0.180239 0.382683 0.906128
-0.162211 0.55557 0.815493
-0.162211 0.55557 0.815493
-0.180239 0.382683 0.906128
1e-006 0.382683 0.92388
-0.162211 0.55557 0.815493
1e-006 0.382683 0.92388
1e-006 0.55557 0.83147
1e-006 0.55557 0.83147
1e-006 0.382683 0.92388
0.180241 0.382683 0.906127
1e-006 0.55557 0.83147
0.180241 0.382683 0.906127
0.162213 0.55557 0.815493
0.162213 0.55557 0.815493
0.180241 0.382683 0.906127
0.353554 0.382683 0.853553
0.162213 0.55557 0.815493
0.353554 0.382683 0.853553
0.31819 0.55557 0.768177
0.31819 0.55557 0.768177
0.353554 0.382683 0.853553
0.513281 0.382683 0.768177
0.31819 0.55557 0.768177
0.513281 0.382683 0.768177
0.461941 0.55557 0.691341
0.461941 0.55557 0.691341
0.513281 0.382683 0.768177
0.653282 0.382683 0.653281
0.461941 0.55557 0.691341
0.653282 0.382683 0.653281
0.587939 0.55557 0.587937
0.587939 0.55557 0.587937
0.653282 0.382683 0.653281
0.768178 0.382683 0.513279
0.587939 0.55557 0.587937
0.768178 0.382683 0.513279
0.691342 0.55557 0.461939
0.691342 0.55557 0.461939
0.768178 0.382683 0.513279
0.853554 0.382683 0.353552
0.691342 0.55557 0.461939
0.853554 0.382683 0.353552
0.768178 0.55557 0.318189
0.768178 0.55557 0.318189
0.853554 0.382683 0.353552
0.906128 0.382683 0.180239
0.768178 0.55557 0.318189
0.906128 0.382683 0.180239
0.815493 0.55557 0.16221
0.815493 0.55557 0.16221
0.906128 0.382683 0.180239
0.92388 0.382683 -1e-006
0.815493 0.55557 0.16221
0.92388 0.382683 -1e-006
0.83147 0.55557 -1e-006
0.83147 0.55557 -1e-006
0.92388 0.382683 -1e-006
0.906127 0.382683 -0.180242
0.83147 0.55557 -1e-006
0.906127 0.382683 -0.180242
0.815493 0.55557 -0.162213
0.815493 0.55557 -0.162213
0.906127 0.382683 -0.180242
0.853553 0.382683 -0.353555
0.815493 0.55557 -0.162213
0.853553 0.382683 -0.353555
0.768177 0.55557 -0.318191
0.768177 0.55557 -0.318191
0.853553 0.382683 -0.353555
0.768177 0.382683 -0.513281
0.768177 0.55557 -0.318191
0.768177 0.382683 -0.513281
0.691341 0.55557 -0.461941
0.691341 0.55557 -0.461941
0.768177 0.382683 -0.513281
0.65328 0.382683 -0.653283
0.691341 0.55557 -0.461941
0.65328 0.382683 -0.653283
0.587937 0.55557 -0.587939
0.587937 0.55557 -0.587939
0.65328 0.382683 -0.653283
0.513278 0.382683 -0.768179
0.587937 0.55557 -0.587939
0.513278 0.382683 -0.768179
0.461938 0.55557 -0.691343
0.461938 0.55557 -0.691343
0.513278 0.382683 -0.768179
0.353552 0.382683 -0.853554
0.461938 0.55557 -0.691343
0.353552 0.382683 -0.853554
0.318188 0.55557 -0.768178
0.318188 0.55557 -0.768178
0.353552 0.382683 -0.853554
0.180238 0.382683 -0.906128
0.318188 0.55557 -0.768178
0.180238 0.382683 -0.906128
0.16221 0.55557 -0.815494
0.16221 0.55557 -0.815494
0.180238 0.382683 -0.906128
-0 0.382683 -0.92388
0.16221 0.55557 -0.815494
-0 0.382683 -0.92388
-0 0.55557 -0.83147
-0 0.382683 -0.92388
-0 0.19509 -0.980785
-0.191342 0.19509 -0.96194
-0 0.382683 -0.92388
-0.191342 0.19509 -0.96194
-0.18024 0.382683 -0.906127
-0.18024 0.382683 -0.906127
-0.191342 0.19509 -0.96194
-0.37533 0.19509 -0.906127
-0.18024 0.382683 -0.906127
-0.37533 0.19509 -0.906127
-0.353553 0.382683 -0.853553
-0.353553 0.382683 -0.853553
-0.37533 0.19509 -0.906127
-0.544895 0.19509 -0.815493
-0.353553 0.382683 -0.853553
-0.544895 0.19509 -0.815493
-0.51328 0.382683 -0.768178
-0.51328 0.382683 -0.768178
-0.544895 0.19509 -0.815493
-0.69352 0.19509 -0.69352
-0.51328 0.382683 -0.768178
-0.69352 0.19509 -0.69352
-0.653281 0.382683 -0.653281
-0.653281 0.382683 -0.653281
-0.69352 0.19509 -0.69352
-0.815493 0.19509 -0.544895
-0.653281 0.382683 -0.653281
-0.815493 0.19509 -0.544895
-0.768178 0.382683 -0.51328
-0.768178 0.382683 -0.51328
-0.815493 0.19509 -0.544895
-0.906127 0.19509 -0.37533
-0.768178 0.382683 -0.51328
-0.906127 0.19509 -0.37533
-0.853553 0.382683 -0.353553
-0.853553 0.382683 -0.353553
-0.906127 0.19509 -0.37533
-0.96194 0.19509 -0.191341
-0.853553 0.382683 -0.353553
-0.96194 0.19509 -0.191341
-0.906127 0.382683 -0.18024
-0.906127 0.382683 -0.18024
-0.96194 0.19509 -0.191341
-0.980785 0.19509 0
-0.906127 0.382683 -0.18024
-0.980785 0.19509 0
-0.92388 0.382683 0
-0.92388 0.382683 0
-0.980785 0.19509 0
-0.96194 0.19509 0.191342
-0.92388 0.382683 0
-0.96194 0.19509 0.191342
-0.906127 0.382683 0.18024
-0.906127 0.382683 0.18024
-0.96194 0.19509 0.191342
-0.906127 0.19509 0.375331
-0.906127 0.382683 0.18024
-0.906127 0.19509 0.375331
-0.853553 0.382683 0.353554
-0.853553 0.382683 0.353554
-0.906127 0.19509 0.375331
-0.815493 0.19509 0.544896
-0.853553 0.382683 0.353554
-0.815493 0.19509 0.544896
-0.768178 0.382683 0.51328
-0.768178 0.382683 0.51328
-0.815493 0.19509 0.544896
-0.693519 0.19509 0.69352
-0.768178 0.382683 0.51328
-0.693519 0.19509 0.69352
-0.653281 0.382683 0.653282
-0.653281 0.382683 0.653282
-0.693519 0.19509 0.69352
-0.544895 0.19509 0.815494
-0.653281 0.382683 0.653282
-0.544895 0.19509 0.815494
-0.513279 0.382683 0.768178
-0.513279 0.382683 0.768178
-0.544895 0.19509 0.815494
-0.37533 0.19509 0.906128
-0.513279 0.382683 0.768178
-0.37533 0.19509 0.906128
-0.353553 0.382683 0.853554
-0.353553 0.382683 0.853554
-0.37533 0.19509 0.906128
-0.191341 0.19509 0.96194
-0.353553 0.382683 0.853554
-0.191341 0.19509 0.96194
-0.180239 0.382683 0.906128
-0.180239 0.382683 0.906128
-0.191341 0.19509 0.96194
1e-006 0.19509 0.980785
-0.180239 0.382683 0.906128
1e-006 0.19509 0.980785
1e-006 0.382683 0.92388
1e-006 0.382683 0.92388
1e-006 0.19509 0.980785
0.191343 0.19509 0.96194
1e-006 0.382683 0.92388
0.191343 0.19509 0.96194
0.180241 0.382683 0.906127
0.180241 0.382683 0.906127
0.191343 0.19509 0.96194
0.375331 0.19509 0.906127
0.180241 0.382683 0.906127
0.375331 0.19509 0.906127
0.353554 0.382683 0.853553
0.353554 0.382683 0.853553
0.375331 0.19509 0.906127
0.544896 0.19509 0.815492
0.353554 0.382683 0.853553
0.544896 0.19509 0.815492
0.513281 0.382683 0.768177
0.513281 0.382683 0.768177
0.544896 0.19509 0.815492
0.693521 0.19509 0.693519
0.513281 0.382683 0.768177
0.693521 0.19509 0.693519
0.653282 0.382683 0.653281
0.653282 0.382683 0.653281
0.693521 0.19509 0.693519
0.815494 0.19509 0.544894
0.653282 0.382683 0.653281
0.815494 0.19509 0.544894
0.768178 0.382683 0.513279
0.768178 0.382683 0.513279
0.815494 0.19509 0.544894
0.906128 0.19509 0.375329
0.768178 0.382683 0.513279
0.906128 0.19509 0.375329
0.853554 0.382683 0.353552
0.853554 0.382683 0.353552
0.906128 0.19509 0.375329
0.96194 0.19509 0.19134
0.853554 0.382683 0.353552
0.96194 0.19509 0.19134
0.906128 0.382683 0.180239
0.906128 0.382683 0.180239
0.96194 0.19509 0.19134
0.980785 0.19509 -2e-006
0.906128 0.382683 0.180239
0.980785 0.19509 -2e-006
0.92388 0.382683 -1e-006
0.92388 0.382683 -1e-006
0.980785 0.19509 -2e-006
0.961939 0.19509 -0.191343
0.92388 0.382683 -1e-006
0.961939 0.19509 -0.191343
0.906127 0.382683 -0.180242
0.906127 0.382683 -0.180242
0.961939 0.19509 -0.191343
0.906127 0.19509 -0.375332
0.906127 0.382683 -0.180242
0.906127 0.19509 -0.375332
0.853553 0.382683 -0.353555
0.853553 0.382683 -0.353555
0.906127 0.19509 -0.375332
0.815492 0.19509 -0.544897
0.853553 0.382683 -0.353555
0.815492 0.19509 -0.544897
0.768177 0.382683 -0.513281
0.768177 0.382683 -0.513281
0.815492 0.19509 -0.544897
0.693519 0.19509 -0.693521
0.768177 0.382683 -0.513281
0.693519 0.19509 -0.693521
0.65328 0.382683 -0.653283
0.65328 0.382683 -0.653283
0.693519 0.19509 -0.693521
0.544893 0.19509 -0.815494
0.65328 0.382683 -0.653283
0.544893 0.19509 -0.815494
0.513278 0.382683 -0.768179
0.513278 0.382683 -0.768179
0.544893 0.19509 -0.815494
0.375328 0.19509 -0.906128
0.513278 0.382683 -0.768179
0.375328 0.19509 -0.906128
0.353552 0.382683 -0.853554
0.353552 0.382683 -0.853554
0.375328 0.19509 -0.906128
0.19134 0.19509 -0.96194
0.353552 0.382683 -0.853554
0.19134 0.19509 -0.96194
0.180238 0.382683 -0.906128
0.180238 0.382683 -0.906128
0.19134 0.19509 -0.96194
-0 0.19509 -0.980785
0.180238 0.382683 -0.906128
-0 0.19509 -0.980785
-0 0.382683 -0.92388
-0 0.19509 -0.980785
-0 0 -1
-0.19509 0 -0.980785
-0 0.19509 -0.980785
-0.19509 0 -0.980785
-0.191342 0.19509 -0.96194
-0.191342 0.19509 -0.96194
-0.19509 0 -0.980785
-0.382683 0 -0.92388
-0.191342 0.19509 -0.96194
-0.382683 0 -0.92388
-0.37533 0.19509 -0.906127
-0.37533 0.19509 -0.906127
-0.382683 0 -0.92388
-0.55557 0 -0.83147
-0.37533 0.19509 -0.906127
-0.55557 0 -0.83147
-0.544895 0.19509 -0.815493
-0.544895 0.19509 -0.815493
-0.55557 0 -0.83147
-0.707107 0 -0.707107
-0.544895 0.19509 -0.815493
-0.707107 0 -0.707107
-0.69352 0.19509 -0.69352
-0.69352 0.19509 -0.69352
-0.707107 0 -0.707107
-0.83147 0 -0.55557
-0.69352 0.19509 -0.69352
-0.83147 0 -0.55557
-0.815493 0.19509 -0.544895
-0.815493 0.19509 -0.544895
-0.83147 0 -0.55557
-0.92388 0 -0.382683
-0.815493 0.19509 -0.544895
-0.92388 0 -0.382683
-0.906127 0.19509 -0.37533
-0.906127 0.19509 -0.37533
-0.92388 0 -0.382683
-0.980785 0 -0.19509
-0.906127 0.19509 -0.37533
-0.980785 0 -0.19509
-0.96194 0.19509 -0.191341
-0.96194 0.19509 -0.191341
-0.980785 0 -0.19509
-1 0 0
-0.96194 0.19509 -0.191341
-1 0 0
-0.980785 0.19509 0
-0.980785 0.19509 0
-1 0 0
-0.980785 0 0.195091
-0.980785 0.19509 0
-0.980785 0 0.195091
-0.96194 0.19509 0.191342
-0.96194 0.19509 0.191342
-0.980785 0 0.195091
-0.923879 0 0.382684
-0.96194 0.19509 0.191342
-0.923879 0 0.382684
-0.906127 0.19509 0.375331
-0.906127 0.19509 0.375331
-0.923879 0 0.382684
-0.831469 0 0.555571
-0.906127 0.19509 0.375331
-0.831469 0 0.555571
-0.815493 0.19509 0.544896
-0.815493 0.19509 0.544896
-0.831469 0 0.555571
-0.707106 0 0.707107
-0.815493 0.19509 0.544896
-0.707106 0 0.707107
-0.693519 0.19509 0.69352
-0.693519 0.19509 0.69352
-0.707106 0 0.707107
-0.55557 0 0.83147
-0.693519 0.19509 0.69352
-0.55557 0 0.83147
-0.544895 0.19509 0.815494
-0.544895 0.19509 0.815494
-0.55557 0 0.83147
-0.382683 0 0.92388
-0.544895 0.19509 0.815494
-0.382683 0 0.92388
-0.37533 0.19509 0.906128
-0.37533 0.19509 0.906128
-0.382683 0 0.92388
-0.195089 0 0.980785
-0.37533 0.19509 0.906128
-0.195089 0 0.980785
-0.191341 0.19509 0.96194
-0.191341 0.19509 0.96194
-0.195089 0 0.980785
1e-006 0 1
-0.191341 0.19509 0.96194
1e-006 0 1
1e-006 0.19509 0.980785
1e-006 0.19509 0.980785
1e-006 0 1
0.195091 0 0.980785
1e-006 0.19509 0.980785
0.195091 0 0.980785
0.191343 0.19509 0.96194
0.191343 0.19509 0.96194
0.195091 0 0.980785
0.382684 0 0.923879
0.191343 0.19509 0.96194
0.382684 0 0.923879
0.375331 0.19509 0.906127
0.375331 0.19509 0.906127
0.382684 0 0.923879
0.555571 0 0.831469
0.375331 0.19509 0.906127
0.555571 0 0.831469
0.544896 0.19509 0.815492
0.544896 0.19509 0.815492
0.555571 0 0.831469
0.707108 0 0.707106
0.544896 0.19509 0.815492
0.707108 0 0.707106
0.693521 0.19509 0.693519
0.693521 0.19509 0.693519
0.707108 0 0.707106
0.83147 0 0.555569
0.693521 0.19509 0.693519
0.83147 0 0.555569
0.815494 0.19509 0.544894
0.815494 0.19509 0.544894
0.83147 0 0.555569
0.92388 0 0.382682
0.815494 0.19509 0.544894
0.92388 0 0.382682
0.906128 0.19509 0.375329
0.906128 0.19509 0.375329
0.92388 0 0.382682
0.980786 0 0.195089
0.906128 0.19509 0.375329
0.980786 0 0.195089
0.96194 0.19509 0.19134
0.96194 0.19509 0.19134
0.980786 0 0.195089
1 0 -2e-006
0.96194 0.19509 0.19134
1 0 -2e-006
0.980785 0.19509 -2e-006
0.980785 0.19509 -2e-006
1 0 -2e-006
0.980785 0 -0.195092
0.980785 0.19509 -2e-006
0.980785 0 -0.195092
0.961939 0.19509 -0.191343
0.961939 0.19509 -0.191343
0.980785 0 -0.195092
0.923879 0 -0.382685
0.961939 0.19509 -0.191343
0.923879 0 -0.382685
0.906127 0.19509 -0.375332
0.906127 0.19509 -0.375332
0.923879 0 -0.382685
0.831469 0 -0.555572
0.906127 0.19509 -0.375332
0.831469 0 -0.555572
0.815492 0.19509 -0.544897
0.815492 0.19509 -0.544897
0.831469 0 -0.555572
0.707105 0 -0.707108
0.815492 0.19509 -0.544897
0.707105 0 -0.707108
0.693519 0.19509 -0.693521
0.693519 0.19509 -0.693521
0.707105 0 -0.707108
0.555569 0 -0.831471
0.693519 0.19509 -0.693521
0.555569 0 -0.831471
0.544893 0.19509 -0.815494
0.544893 0.19509 -0.815494
0.555569 0 -0.831471
0.382681 0 -0.92388
0.544893 0.19509 -0.815494
0.382681 0 -0.92388
0.375328 0.19509 -0.906128
0.375328 0.19509 -0.906128
0.382681 0 -0.92388
0.195088 0 -0.980786
0.375328 0.19509 -0.906128
0.195088 0 -0.980786
0.19134 0.19509 -0.96194
0.19134 0.19509 -0.96194
0.195088 0 -0.980786
-0 0 -1
0.19134 0.19509 -0.96194
-0 0 -1
-0 0.19509 -0.980785
-0 0 -1
-0 -0.19509 -0.980785
-0.191342 -0.19509 -0.96194
-0 0 -1
-0.191342 -0.19509 -0.96194
-0.19509 0 -0.980785
-0.19509 0 -0.980785
-0.191342 -0.19509 -0.96194
-0.37533 -0.19509 -0.906127
-0.19509 0 -0.980785
-0.37533 -0.19509 -0.906127
-0.382683 0 -0.92388
-0.382683 0 -0.92388
-0.37533 -0.19509 -0.906127
-0.544895 -0.19509 -0.815493
-0.382683 0 -0.92388
-0.544895 -0.19509 -0.815493
-0.55557 0 -0.83147
-0.55557 0 -0.83147
-0.544895 -0.19509 -0.815493
-0.69352 -0.19509 -0.69352
-0.55557 0 -0.83147
-0.69352 -0.19509 -0.69352
-0.707107 0 -0.707107
-0.707107 0 -0.707107
-0.69352 -0.19509 -0.69352
-0.815493 -0.19509 -0.544895
-0.707107 0 -0.707107
-0.815493 -0.19509 -0.544895
-0.83147 0 -0.55557
-0.83147 0 -0.55557
-0.815493 -0.19509 -0.544895
-0.906128 -0.19509 -0.37533
-0.83147 0 -0.55557
-0.906128 -0.19509 -0.37533
-0.92388 0 -0.382683
-0.92388 0 -0.382683
-0.906128 -0.19509 -0.37533
-0.96194 -0.19509 -0.191341
-0.92388 0 -0.382683
-0.96194 -0.19509 -0.191341
-0.980785 0 -0.19509
-0.980785 0 -0.19509
-0.96194 -0.19509 -0.191341
-0.980785 -0.19509 0
-0.980785 0 -0.19509
-0.980785 -0.19509 0
-1 0 0
-1 0 0
-0.980785 -0.19509 0
-0.96194 -0.19509 0.191342
-1 0 0
-0.96194 -0.19509 0.191342
-0.980785 0 0.195091
-0.980785 0 0.195091
-0.96194 -0.19509 0.191342
-0.906127 -0.19509 0.375331
-0.980785 0 0.195091
-0.906127 -0.19509 0.375331
-0.923879 0 0.382684
-0.923879 0 0.382684
-0.906127 -0.19509 0.375331
-0.815493 -0.19509 0.544896
-0.923879 0 0.382684
-0.815493 -0.19509 0.544896
-0.831469 0 0.555571
-0.831469 0 0.555571
-0.815493 -0.19509 0.544896
-0.693519 -0.19509 0.69352
-0.831469 0 0.555571
-0.693519 -0.19509 0.69352
-0.707106 0 0.707107
-0.707106 0 0.707107
-0.693519 -0.19509 0.69352
-0.544895 -0.19509 0.815494
-0.707106 0 0.707107
-0.544895 -0.19509 0.815494
-0.55557 0 0.83147
-0.55557 0 0.83147
-0.544895 -0.19509 0.815494
-0.37533 -0.19509 0.906128
-0.55557 0 0.83147
-0.37533 -0.19509 0.906128
-0.382683 0 0.92388
-0.382683 0 0.92388
-0.37533 -0.19509 0.906128
-0.191341 -0.19509 0.96194
-0.382683 0 0.92388
-0.191341 -0.19509 0.96194
-0.195089 0 0.980785
-0.195089 0 0.980785
-0.191341 -0.19509 0.96194
1e-006 -0.19509 0.980785
-0.195089 0 0.980785
1e-006 -0.19509 0.980785
1e-006 0 1
1e-006 0 1
1e-006 -0.19509 0.980785
0.191343 -0.19509 0.96194
1e-006 0 1
0.191343 -0.19509 0.96194
0.195091 0 0.980785
0.195091 0 0.980785
0.191343 -0.19509 0.96194
0.375331 -0.19509 0.906127
0.195091 0 0.980785
0.375331 -0.19509 0.906127
0.382684 0 0.923879
0.382684 0 0.923879
0.375331 -0.19509 0.906127
0.544896 -0.19509 0.815492
0.382684 0 0.923879
0.544896 -0.19509 0.815492
0.555571 0 0.831469
0.555571 0 0.831469
0.544896 -0.19509 0.815492
0.693521 -0.19509 0.693519
0.555571 0 0.831469
0.693521 -0.19509 0.693519
0.707108 0 0.707106
0.707108 0 0.707106
0.693521 -0.19509 0.693519
0.815494 -0.19509 0.544894
0.707108 0 0.707106
0.815494 -0.19509 0.544894
0.83147 0 0.555569
0.83147 0 0.555569
0.815494 -0.19509 0.544894
0.906128 -0.19509 0.375329
0.83147 0 0.555569
0.906128 -0.19509 0.375329
0.92388 0 0.382682
0.92388 0 0.382682
0.906128 -0.19509 0.375329
0.96194 -0.19509 0.19134
0.92388 0 0.382682
0.96194 -0.19509 0.19134
0.980786 0 0.195089
0.980786 0 0.195089
0.96194 -0.19509 0.19134
0.980785 -0.19509 -2e-006
0.980786 0 0.195089
0.980785 -0.19509 -2e-006
1 0 -2e-006
1 0 -2e-006
0.980785 -0.19509 -2e-006
0.961939 -0.19509 -0.191343
1 0 -2e-006
0.961939 -0.19509 -0.191343
0.980785 0 -0.195092
0.980785 0 -0.195092
0.961939 -0.19509 -0.191343
0.906127 -0.19509 -0.375332
0.980785 0 -0.195092
0.906127 -0.19509 -0.375332
0.923879 0 -0.382685
0.923879 0 -0.382685
0.906127 -0.19509 -0.375332
0.815492 -0.19509 -0.544897
0.923879 0 -0.382685
0.815492 -0.19509 -0.544897
0.831469 0 -0.555572
0.831469 0 -0.555572
0.815492 -0.19509 -0.544897
0.693519 -0.19509 -0.693521
0.831469 0 -0.555572
0.693519 -0.19509 -0.693521
0.707105 0 -0.707108
0.707105 0 -0.707108
0.693519 -0.19509 -0.693521
0.544894 -0.19509 -0.815494
0.707105 0 -0.707108
0.544894 -0.19509 -0.815494
0.555569 0 -0.831471
0.555569 0 -0.831471
0.544894 -0.19509 -0.815494
0.375328 -0.19509 -0.906128
0.555569 0 -0.831471
0.375328 -0.19509 -0.906128
0.382681 0 -0.92388
0.382681 0 -0.92388
0.375328 -0.19509 -0.906128
0.19134 -0.19509 -0.96194
0.382681 0 -0.92388
0.19134 -0.19509 -0.96194
0.195088 0 -0.980786
0.195088 0 -0.980786
0.19134 -0.19509 -0.96194
-0 -0.19509 -0.980785
0.195088 0 -0.980786
-0 -0.19509 -0.980785
-0 0 -1
-0 -0.19509 -0.980785
-0 -0.382683 -0.92388
-0.18024 -0.382683 -0.906127
-0 -0.19509 -0.980785
-0.18024 -0.382683 -0.906127
-0.191342 -0.19509 -0.96194
-0.191342 -0.19509 -0.96194
-0.18024 -0.382683 -0.906127
-0.353553 -0.382683 -0.853553
-0.191342 -0.19509 -0.96194
-0.353553 -0.382683 -0.853553
-0.37533 -0.19509 -0.906127
-0.37533 -0.19509 -0.906127
-0.353553 -0.382683 -0.853553
-0.51328 -0.382683 -0.768178
-0.37533 -0.19509 -0.906127
-0.51328 -0.382683 -0.768178
-0.544895 -0.19509 -0.815493
-0.544895 -0.19509 -0.815493
-0.51328 -0.382683 -0.768178
-0.653282 -0.382683 -0.653282
-0.544895 -0.19509 -0.815493
-0.653282 -0.382683 -0.653282
-0.69352 -0.19509 -0.69352
-0.69352 -0.19509 -0.69352
-0.653282 -0.382683 -0.653282
-0.768178 -0.382683 -0.51328
-0.69352 -0.19509 -0.69352
-0.768178 -0.382683 -0.51328
-0.815493 -0.19509 -0.544895
-0.815493 -0.19509 -0.544895
-0.768178 -0.382683 -0.51328
-0.853553 -0.382683 -0.353553
-0.815493 -0.19509 -0.544895
-0.853553 -0.382683 -0.353553
-0.906128 -0.19509 -0.37533
-0.906128 -0.19509 -0.37533
-0.853553 -0.382683 -0.353553
-0.906128 -0.382683 -0.18024
-0.906128 -0.19509 -0.37533
-0.906128 -0.382683 -0.18024
-0.96194 -0.19509 -0.191341
-0.96194 -0.19509 -0.191341
-0.906128 -0.382683 -0.18024
-0.92388 -0.382683 0
-0.96194 -0.19509 -0.191341
-0.92388 -0.382683 0
-0.980785 -0.19509 0
-0.980785 -0.19509 0
-0.92388 -0.382683 0
-0.906127 -0.382683 0.18024
-0.980785 -0.19509 0
-0.906127 -0.382683 0.18024
-0.96194 -0.19509 0.191342
-0.96194 -0.19509 0.191342
-0.906127 -0.382683 0.18024
-0.853553 -0.382683 0.353554
-0.96194 -0.19509 0.191342
-0.853553 -0.382683 0.353554
-0.906127 -0.19509 0.375331
-0.906127 -0.19509 0.375331
-0.853553 -0.382683 0.353554
-0.768178 -0.382683 0.51328
-0.906127 -0.19509 0.375331
-0.768178 -0.382683 0.51328
-0.815493 -0.19509 0.544896
-0.815493 -0.19509 0.544896
-0.768178 -0.382683 0.51328
-0.653281 -0.382683 0.653282
-0.815493 -0.19509 0.544896
-0.653281 -0.382683 0.653282
-0.693519 -0.19509 0.69352
-0.693519 -0.19509 0.69352
-0.653281 -0.382683 0.653282
-0.513279 -0.382683 0.768178
-0.693519 -0.19509 0.69352
-0.513279 -0.382683 0.768178
-0.544895 -0.19509 0.815494
-0.544895 -0.19509 0.815494
-0.513279 -0.382683 0.768178
-0.353553 -0.382683 0.853554
-0.544895 -0.19509 0.815494
-0.353553 -0.382683 0.853554
-0.37533 -0.19509 0.906128
-0.37533 -0.19509 0.906128
-0.353553 -0.382683 0.853554
-0.180239 -0.382683 0.906128
-0.37533 -0.19509 0.906128
-0.180239 -0.382683 0.906128
-0.191341 -0.19509 0.96194
-0.191341 -0.19509 0.96194
-0.180239 -0.382683 0.906128
1e-006 -0.382683 0.92388
-0.191341 -0.19509 0.96194
1e-006 -0.382683 0.92388
1e-006 -0.19509 0.980785
1e-006 -0.19509 0.980785
1e-006 -0.382683 0.92388
0.180241 -0.382683 0.906127
1e-006 -0.19509 0.980785
0.180241 -0.382683 0.906127
0.191343 -0.19509 0.96194
0.191343 -0.19509 0.96194
0.180241 -0.382683 0.906127
0.353554 -0.382683 0.853553
0.191343 -0.19509 0.96194
0.353554 -0.382683 0.853553
0.375331 -0.19509 0.906127
0.375331 -0.19509 0.906127
0.353554 -0.382683 0.853553
0.513281 -0.382683 0.768177
0.375331 -0.19509 0.906127
0.513281 -0.382683 0.768177
0.544896 -0.19509 0.815492
0.544896 -0.19509 0.815492
0.513281 -0.382683 0.768177
0.653282 -0.382683 0.653281
0.544896 -0.19509 0.815492
0.653282 -0.382683 0.653281
0.693521 -0.19509 0.693519
0.693521 -0.19509 0.693519
0.653282 -0.382683 0.653281
0.768179 -0.382683 0.513279
0.693521 -0.19509 0.693519
0.768179 -0.382683 0.513279
0.815494 -0.19509 0.544894
0.815494 -0.19509 0.544894
0.768179 -0.382683 0.513279
0.853554 -0.382683 0.353552
0.815494 -0.19509 0.544894
0.853554 -0.382683 0.353552
0.906128 -0.19509 0.375329
0.906128 -0.19509 0.375329
0.853554 -0.382683 0.353552
0.906128 -0.382683 0.180239
0.906128 -0.19509 0.375329
0.906128 -0.382683 0.180239
0.96194 -0.19509 0.19134
0.96194 -0.19509 0.19134
0.906128 -0.382683 0.180239
0.92388 -0.382683 -1e-006
0.96194 -0.19509 0.19134
0.92388 -0.382683 -1e-006
0.980785 -0.19509 -2e-006
0.980785 -0.19509 -2e-006
0.92388 -0.382683 -1e-006
0.906127 -0.382683 -0.180242
0.980785 -0.19509 -2e-006
0.906127 -0.382683 -0.180242
0.961939 -0.19509 -0.191343
0.961939 -0.19509 -0.191343
0.906127 -0.382683 -0.180242
0.853553 -0.382683 -0.353555
0.961939 -0.19509 -0.191343
0.853553 -0.382683 -0.353555
0.906127 -0.19509 -0.375332
0.906127 -0.19509 -0.375332
0.853553 -0.382683 -0.353555
0.768177 -0.382683 -0.513281
0.906127 -0.19509 -0.375332
0.768177 -0.382683 -0.513281
0.815492 -0.19509 -0.544897
0.815492 -0.19509 -0.544897
0.768177 -0.382683 -0.513281
0.65328 -0.382683 -0.653283
0.815492 -0.19509 -0.544897
0.65328 -0.382683 -0.653283
0.693519 -0.19509 -0.693521
0.693519 -0.19509 -0.693521
0.65328 -0.382683 -0.653283
0.513278 -0.382683 -0.768179
0.693519 -0.19509 -0.693521
0.513278 -0.382683 -0.768179
0.544894 -0.19509 -0.815494
0.544894 -0.19509 -0.815494
0.513278 -0.382683 -0.768179
0.353552 -0.382683 -0.853554
0.544894 -0.19509 -0.815494
0.353552 -0.382683 -0.853554
0.375328 -0.19509 -0.906128
0.375328 -0.19509 -0.906128
0.353552 -0.382683 -0.853554
0.180238 -0.382683 -0.906128
0.375328 -0.19509 -0.906128
0.180238 -0.382683 -0.906128
0.19134 -0.19509 -0.96194
0.19134 -0.19509 -0.96194
0.180238 -0.382683 -0.906128
-0 -0.382683 -0.92388
0.19134 -0.19509 -0.96194
-0 -0.382683 -0.92388
-0 -0.19509 -0.980785
-0 -0.382683 -0.92388
-0 -0.55557 -0.83147
-0.162212 -0.55557 -0.815493
-0 -0.382683 -0.92388
-0.162212 -0.55557 -0.815493
-0.18024 -0.382683 -0.906127
-0.18024 -0.382683 -0.906127
-0.162212 -0.55557 -0.815493
-0.31819 -0.55557 -0.768178
-0.18024 -0.382683 -0.906127
-0.31819 -0.55557 -0.768178
-0.353553 -0.382683 -0.853553
-0.353553 -0.382683 -0.853553
-0.31819 -0.55557 -0.768178
-0.46194 -0.55557 -0.691342
-0.353553 -0.382683 -0.853553
-0.46194 -0.55557 -0.691342
-0.51328 -0.382683 -0.768178
-0.51328 -0.382683 -0.768178
-0.46194 -0.55557 -0.691342
-0.587938 -0.55557 -0.587938
-0.51328 -0.382683 -0.768178
-0.587938 -0.55557 -0.587938
-0.653282 -0.382683 -0.653282
-0.653282 -0.382683 -0.653282
-0.587938 -0.55557 -0.587938
-0.691342 -0.55557 -0.46194
-0.653282 -0.382683 -0.653282
-0.691342 -0.55557 -0.46194
-0.768178 -0.382683 -0.51328
-0.768178 -0.382683 -0.51328
-0.691342 -0.55557 -0.46194
-0.768178 -0.55557 -0.31819
-0.768178 -0.382683 -0.51328
-0.768178 -0.55557 -0.31819
-0.853553 -0.382683 -0.353553
-0.853553 -0.382683 -0.353553
-0.768178 -0.55557 -0.31819
-0.815493 -0.55557 -0.162211
-0.853553 -0.382683 -0.353553
-0.815493 -0.55557 -0.162211
-0.906128 -0.382683 -0.18024
-0.906128 -0.382683 -0.18024
-0.815493 -0.55557 -0.162211
-0.83147 -0.55557 0
-0.906128 -0.382683 -0.18024
-0.83147 -0.55557 0
-0.92388 -0.382683 0
-0.92388 -0.382683 0
-0.83147 -0.55557 0
-0.815493 -0.55557 0.162212
-0.92388 -0.382683 0
-0.815493 -0.55557 0.162212
-0.906127 -0.382683 0.18024
-0.906127 -0.382683 0.18024
-0.815493 -0.55557 0.162212
-0.768178 -0.55557 0.31819
-0.906127 -0.382683 0.18024
-0.768178 -0.55557 0.31819
-0.853553 -0.382683 0.353554
-0.853553 -0.382683 0.353554
-0.768178 -0.55557 0.31819
-0.691342 -0.55557 0.46194
-0.853553 -0.382683 0.353554
-0.691342 -0.55557 0.46194
-0.768178 -0.382683 0.51328
-0.768178 -0.382683 0.51328
-0.691342 -0.55557 0.46194
-0.587937 -0.55557 0.587938
-0.768178 -0.382683 0.51328
-0.587937 -0.55557 0.587938
-0.653281 -0.382683 0.653282
-0.653281 -0.382683 0.653282
-0.587937 -0.55557 0.587938
-0.461939 -0.55557 0.691342
-0.653281 -0.382683 0.653282
-0.461939 -0.55557 0.691342
-0.513279 -0.382683 0.768178
-0.513279 -0.382683 0.768178
-0.461939 -0.55557 0.691342
-0.318189 -0.55557 0.768178
-0.513279 -0.382683 0.768178
-0.318189 -0.55557 0.768178
-0.353553 -0.382683 0.853554
-0.353553 -0.382683 0.853554
-0.318189 -0.55557 0.768178
-0.162211 -0.55557 0.815493
-0.353553 -0.382683 0.853554
-0.162211 -0.55557 0.815493
-0.180239 -0.382683 0.906128
-0.180239 -0.382683 0.906128
-0.162211 -0.55557 0.815493
1e-006 -0.55557 0.83147
-0.180239 -0.382683 0.906128
1e-006 -0.55557 0.83147
1e-006 -0.382683 0.92388
1e-006 -0.382683 0.92388
1e-006 -0.55557 0.83147
0.162213 -0.55557 0.815493
1e-006 -0.382683 0.92388
0.162213 -0.55557 0.815493
0.180241 -0.382683 0.906127
0.180241 -0.382683 0.906127
0.162213 -0.55557 0.815493
0.318191 -0.55557 0.768177
0.180241 -0.382683 0.906127
0.318191 -0.55557 0.768177
0.353554 -0.382683 0.853553
0.353554 -0.382683 0.853553
0.318191 -0.55557 0.768177
0.461941 -0.55557 0.691341
0.353554 -0.382683 0.853553
0.461941 -0.55557 0.691341
0.513281 -0.382683 0.768177
0.513281 -0.382683 0.768177
0.461941 -0.55557 0.691341
0.587939 -0.55557 0.587937
0.513281 -0.382683 0.768177
0.587939 -0.55557 0.587937
0.653282 -0.382683 0.653281
0.653282 -0.382683 0.653281
0.587939 -0.55557 0.587937
0.691342 -0.55557 0.461939
0.653282 -0.382683 0.653281
0.691342 -0.55557 0.461939
0.768179 -0.382683 0.513279
0.768179 -0.382683 0.513279
0.691342 -0.55557 0.461939
0.768178 -0.55557 0.318189
0.768179 -0.382683 0.513279
0.768178 -0.55557 0.318189
0.853554 -0.382683 0.353552
0.853554 -0.382683 0.353552
0.768178 -0.55557 0.318189
0.815493 -0.55557 0.16221
0.853554 -0.382683 0.353552
0.815493 -0.55557 0.16221
0.906128 -0.382683 0.180239
0.906128 -0.382683 0.180239
0.815493 -0.55557 0.16221
0.83147 -0.55557 -1e-006
0.906128 -0.382683 0.180239
0.83147 -0.55557 -1e-006
0.92388 -0.382683 -1e-006
0.92388 -0.382683 -1e-006
0.83147 -0.55557 -1e-006
0.815493 -0.55557 -0.162213
0.92388 -0.382683 -1e-006
0.815493 -0.55557 -0.162213
0.906127 -0.382683 -0.180242
0.906127 -0.382683 -0.180242
0.815493 -0.55557 -0.162213
0.768177 -0.55557 -0.318191
0.906127 -0.382683 -0.180242
0.768177 -0.55557 -0.318191
0.853553 -0.382683 -0.353555
0.853553 -0.382683 -0.353555
0.768177 -0.55557 -0.318191
0.691341 -0.55557 -0.461941
0.853553 -0.382683 -0.353555
0.691341 -0.55557 -0.461941
0.768177 -0.382683 -0.513281
0.768177 -0.382683 -0.513281
0.691341 -0.55557 -0.461941
0.587937 -0.55557 -0.587939
0.768177 -0.382683 -0.513281
0.587937 -0.55557 -0.587939
0.65328 -0.382683 -0.653283
0.65328 -0.382683 -0.653283
0.587937 -0.55557 -0.587939
0.461938 -0.55557 -0.691343
0.65328 -0.382683 -0.653283
0.461938 -0.55557 -0.691343
0.513278 -0.382683 -0.768179
0.513278 -0.382683 -0.768179
0.461938 -0.55557 -0.691343
0.318188 -0.55557 -0.768178
0.513278 -0.382683 -0.768179
0.318188 -0.55557 -0.768178
0.353552 -0.382683 -0.853554
0.353552 -0.382683 -0.853554
0.318188 -0.55557 -0.768178
0.16221 -0.55557 -0.815494
0.353552 -0.382683 -0.853554
0.16221 -0.55557 -0.815494
0.180238 -0.382683 -0.906128
0.180238 -0.382683 -0.906128
0.16221 -0.55557 -0.815494
-0 -0.55557 -0.83147
0.180238 -0.382683 -0.906128
-0 -0.55557 -0.83147
-0 -0.382683 -0.92388
-0 -0.55557 -0.83147
-0 -0.707107 -0.707107
-0.13795 -0.707107 -0.69352
-0 -0.55557 -0.83147
-0.13795 -0.707107 -0.69352
-0.162212 -0.55557 -0.815493
-0.162212 -0.55557 -0.815493
-0.13795 -0.707107 -0.69352
-0.270598 -0.707107 -0.653281
-0.162212 -0.55557 -0.815493
-0.270598 -0.707107 -0.653281
-0.31819 -0.55557 -0.768178
-0.31819 -0.55557 -0.768178
-0.270598 -0.707107 -0.653281
-0.392847 -0.707107 -0.587938
-0.31819 -0.55557 -0.768178
-0.392847 -0.707107 -0.587938
-0.46194 -0.55557 -0.691342
-0.46194 -0.55557 -0.691342
-0.392847 -0.707107 -0.587938
-0.5 -0.707107 -0.5
-0.46194 -0.55557 -0.691342
-0.5 -0.707107 -0.5
-0.587938 -0.55557 -0.587938
-0.587938 -0.55557 -0.587938
-0.5 -0.707107 -0.5
-0.587938 -0.707107 -0.392847
-0.587938 -0.55557 -0.587938
-0.587938 -0.707107 -0.392847
-0.691342 -0.55557 -0.46194
-0.691342 -0.55557 -0.46194
-0.587938 -0.707107 -0.392847
-0.653282 -0.707107 -0.270598
-0.691342 -0.55557 -0.46194
-0.653282 -0.707107 -0.270598
-0.768178 -0.55557 -0.31819
-0.768178 -0.55557 -0.31819
-0.653282 -0.707107 -0.270598
-0.69352 -0.707107 -0.13795
-0.768178 -0.55557 -0.31819
-0.69352 -0.707107 -0.13795
-0.815493 -0.55557 -0.162211
-0.815493 -0.55557 -0.162211
-0.69352 -0.707107 -0.13795
-0.707107 -0.707107 0
-0.815493 -0.55557 -0.162211
-0.707107 -0.707107 0
-0.83147 -0.55557 0
-0.83147 -0.55557 0
-0.707107 -0.707107 0
-0.69352 -0.707107 0.13795
-0.83147 -0.55557 0
-0.69352 -0.707107 0.13795
-0.815493 -0.55557 0.162212
-0.815493 -0.55557 0.162212
-0.69352 -0.707107 0.13795
-0.653281 -0.707107 0.270598
-0.815493 -0.55557 0.162212
-0.653281 -0.707107 0.270598
-0.768178 -0.55557 0.31819
-0.768178 -0.55557 0.31819
-0.653281 -0.707107 0.270598
-0.587938 -0.707107 0.392848
-0.768178 -0.55557 0.31819
-0.587938 -0.707107 0.392848
-0.691342 -0.55557 0.46194
-0.691342 -0.55557 0.46194
-0.587938 -0.707107 0.392848
-0.5 -0.707107 0.5
-0.691342 -0.55557 0.46194
-0.5 -0.707107 0.5
-0.587937 -0.55557 0.587938
-0.587937 -0.55557 0.587938
-0.5 -0.707107 0.5
-0.392847 -0.707107 0.587938
-0.587937 -0.55557 0.587938
-0.392847 -0.707107 0.587938
-0.461939 -0.55557 0.691342
-0.461939 -0.55557 0.691342
-0.392847 -0.707107 0.587938
-0.270598 -0.707107 0.653282
-0.461939 -0.55557 0.691342
-0.270598 -0.707107 0.653282
-0.318189 -0.55557 0.768178
-0.318189 -0.55557 0.768178
-0.270598 -0.707107 0.653282
-0.137949 -0.707107 0.69352
-0.318189 -0.55557 0.768178
-0.137949 -0.707107 0.69352
-0.162211 -0.55557 0.815493
-0.162211 -0.55557 0.815493
-0.137949 -0.707107 0.69352
1e-006 -0.707107 0.707107
-0.162211 -0.55557 0.815493
1e-006 -0.707107 0.707107
1e-006 -0.55557 0.83147
1e-006 -0.55557 0.83147
1e-006 -0.707107 0.707107
0.13795 -0.707107 0.69352
1e-006 -0.55557 0.83147
0.13795 -0.707107 0.69352
0.162213 -0.55557 0.815493
0.162213 -0.55557 0.815493
0.13795 -0.707107 0.69352
0.270599 -0.707107 0.653281
0.162213 -0.55557 0.815493
0.270599 -0.707107 0.653281
0.318191 -0.55557 0.768177
0.318191 -0.55557 0.768177
0.270599 -0.707107 0.653281
0.392848 -0.707107 0.587937
0.318191 -0.55557 0.768177
0.392848 -0.707107 0.587937
0.461941 -0.55557 0.691341
0.461941 -0.55557 0.691341
0.392848 -0.707107 0.587937
0.500001 -0.707107 0.499999
0.461941 -0.55557 0.691341
0.500001 -0.707107 0.499999
0.587939 -0.55557 0.587937
0.587939 -0.55557 0.587937
0.500001 -0.707107 0.499999
0.587938 -0.707107 0.392847
0.587939 -0.55557 0.587937
0.587938 -0.707107 0.392847
0.691342 -0.55557 0.461939
0.691342 -0.55557 0.461939
0.587938 -0.707107 0.392847
0.653282 -0.707107 0.270597
0.691342 -0.55557 0.461939
0.653282 -0.707107 0.270597
0.768178 -0.55557 0.318189
0.768178 -0.55557 0.318189
0.653282 -0.707107 0.270597
0.69352 -0.707107 0.137949
0.768178 -0.55557 0.318189
0.69352 -0.707107 0.137949
0.815493 -0.55557 0.16221
0.815493 -0.55557 0.16221
0.69352 -0.707107 0.137949
0.707107 -0.707107 -1e-006
0.815493 -0.55557 0.16221
0.707107 -0.707107 -1e-006
0.83147 -0.55557 -1e-006
0.83147 -0.55557 -1e-006
0.707107 -0.707107 -1e-006
0.69352 -0.707107 -0.137951
0.83147 -0.55557 -1e-006
0.69352 -0.707107 -0.137951
0.815493 -0.55557 -0.162213
0.815493 -0.55557 -0.162213
0.69352 -0.707107 -0.137951
0.653281 -0.707107 -0.270599
0.815493 -0.55557 -0.162213
0.653281 -0.707107 -0.270599
0.768177 -0.55557 -0.318191
0.768177 -0.55557 -0.318191
0.653281 -0.707107 -0.270599
0.587937 -0.707107 -0.392849
0.768177 -0.55557 -0.318191
0.587937 -0.707107 -0.392849
0.691341 -0.55557 -0.461941
0.691341 -0.55557 -0.461941
0.587937 -0.707107 -0.392849
0.499999 -0.707107 -0.500001
0.691341 -0.55557 -0.461941
0.499999 -0.707107 -0.500001
0.587937 -0.55557 -0.587939
0.587937 -0.55557 -0.587939
0.499999 -0.707107 -0.500001
0.392846 -0.707107 -0.587939
0.587937 -0.55557 -0.587939
0.392846 -0.707107 -0.587939
0.461938 -0.55557 -0.691343
0.461938 -0.55557 -0.691343
0.392846 -0.707107 -0.587939
0.270597 -0.707107 -0.653282
0.461938 -0.55557 -0.691343
0.270597 -0.707107 -0.653282
0.318188 -0.55557 -0.768178
0.318188 -0.55557 -0.768178
0.270597 -0.707107 -0.653282
0.137948 -0.707107 -0.69352
0.318188 -0.55557 -0.768178
0.137948 -0.707107 -0.69352
0.16221 -0.55557 -0.815494
0.16221 -0.55557 -0.815494
0.137948 -0.707107 -0.69352
-0 -0.707107 -0.707107
0.16221 -0.55557 -0.815494
-0 -0.707107 -0.707107
-0 -0.55557 -0.83147
-0 -0.707107 -0.707107
-0 -0.83147 -0.55557
-0.108386 -0.83147 -0.544895
-0 -0.707107 -0.707107
-0.108386 -0.83147 -0.544895
-0.13795 -0.707107 -0.69352
-0.13795 -0.707107 -0.69352
-0.108386 -0.83147 -0.544895
-0.212607 -0.83147 -0.51328
-0.13795 -0.707107 -0.69352
-0.212607 -0.83147 -0.51328
-0.270598 -0.707107 -0.653281
-0.270598 -0.707107 -0.653281
-0.212607 -0.83147 -0.51328
-0.308658 -0.83147 -0.46194
-0.270598 -0.707107 -0.653281
-0.308658 -0.83147 -0.46194
-0.392847 -0.707107 -0.587938
-0.392847 -0.707107 -0.587938
-0.308658 -0.83147 -0.46194
-0.392847 -0.83147 -0.392847
-0.392847 -0.707107 -0.587938
-0.392847 -0.83147 -0.392847
-0.5 -0.707107 -0.5
-0.5 -0.707107 -0.5
-0.392847 -0.83147 -0.392847
-0.46194 -0.83147 -0.308658
-0.5 -0.707107 -0.5
-0.46194 -0.83147 -0.308658
-0.587938 -0.707107 -0.392847
-0.587938 -0.707107 -0.392847
-0.46194 -0.83147 -0.308658
-0.51328 -0.83147 -0.212607
-0.587938 -0.707107 -0.392847
-0.51328 -0.83147 -0.212607
-0.653282 -0.707107 -0.270598
-0.653282 -0.707107 -0.270598
-0.51328 -0.83147 -0.212607
-0.544895 -0.83147 -0.108386
-0.653282 -0.707107 -0.270598
-0.544895 -0.83147 -0.108386
-0.69352 -0.707107 -0.13795
-0.69352 -0.707107 -0.13795
-0.544895 -0.83147 -0.108386
-0.55557 -0.83147 0
-0.69352 -0.707107 -0.13795
-0.55557 -0.83147 0
-0.707107 -0.707107 0
-0.707107 -0.707107 0
-0.55557 -0.83147 0
-0.544895 -0.83147 0.108387
-0.707107 -0.707107 0
-0.544895 -0.83147 0.108387
-0.69352 -0.707107 0.13795
-0.69352 -0.707107 0.13795
-0.544895 -0.83147 0.108387
-0.51328 -0.83147 0.212608
-0.69352 -0.707107 0.13795
-0.51328 -0.83147 0.212608
-0.653281 -0.707107 0.270598
-0.653281 -0.707107 0.270598
-0.51328 -0.83147 0.212608
-0.46194 -0.83147 0.308659
-0.653281 -0.707107 0.270598
-0.46194 -0.83147 0.308659
-0.587938 -0.707107 0.392848
-0.587938 -0.707107 0.392848
-0.46194 -0.83147 0.308659
-0.392847 -0.83147 0.392848
-0.587938 -0.707107 0.392848
-0.392847 -0.83147 0.392848
-0.5 -0.707107 0.5
-0.5 -0.707107 0.5
-0.392847 -0.83147 0.392848
-0.308658 -0.83147 0.46194
-0.5 -0.707107 0.5
-0.308658 -0.83147 0.46194
-0.392847 -0.707107 0.587938
-0.392847 -0.707107 0.587938
-0.308658 -0.83147 0.46194
-0.212607 -0.83147 0.51328
-0.392847 -0.707107 0.587938
-0.212607 -0.83147 0.51328
-0.270598 -0.707107 0.653282
-0.270598 -0.707107 0.653282
-0.212607 -0.83147 0.51328
-0.108386 -0.83147 0.544895
-0.270598 -0.707107 0.653282
-0.108386 -0.83147 0.544895
-0.137949 -0.707107 0.69352
-0.137949 -0.707107 0.69352
-0.108386 -0.83147 0.544895
1e-006 -0.83147 0.55557
-0.137949 -0.707107 0.69352
1e-006 -0.83147 0.55557
1e-006 -0.707107 0.707107
1e-006 -0.707107 0.707107
1e-006 -0.83147 0.55557
0.108387 -0.83147 0.544895
1e-006 -0.707107 0.707107
0.108387 -0.83147 0.544895
0.13795 -0.707107 0.69352
0.13795 -0.707107 0.69352
0.108387 -0.83147 0.544895
0.212608 -0.83147 0.51328
0.13795 -0.707107 0.69352
0.212608 -0.83147 0.51328
0.270599 -0.707107 0.653281
0.270599 -0.707107 0.653281
0.212608 -0.83147 0.51328
0.308659 -0.83147 0.461939
0.270599 -0.707107 0.653281
0.308659 -0.83147 0.461939
0.392848 -0.707107 0.587937
0.392848 -0.707107 0.587937
0.308659 -0.83147 0.461939
0.392848 -0.83147 0.392847
0.392848 -0.707107 0.587937
0.392848 -0.83147 0.392847
0.500001 -0.707107 0.499999
0.500001 -0.707107 0.499999
0.392848 -0.83147 0.392847
0.46194 -0.83147 0.308658
0.500001 -0.707107 0.499999
0.46194 -0.83147 0.308658
0.587938 -0.707107 0.392847
0.587938 -0.707107 0.392847
0.46194 -0.83147 0.308658
0.51328 -0.83147 0.212607
0.587938 -0.707107 0.392847
0.51328 -0.83147 0.212607
0.653282 -0.707107 0.270597
0.653282 -0.707107 0.270597
0.51328 -0.83147 0.212607
0.544895 -0.83147 0.108386
0.653282 -0.707107 0.270597
0.544895 -0.83147 0.108386
0.69352 -0.707107 0.137949
0.69352 -0.707107 0.137949
0.544895 -0.83147 0.108386
0.55557 -0.83147 -1e-006
0.69352 -0.707107 0.137949
0.55557 -0.83147 -1e-006
0.707107 -0.707107 -1e-006
0.707107 -0.707107 -1e-006
0.55557 -0.83147 -1e-006
0.544895 -0.83147 -0.108387
0.707107 -0.707107 -1e-006
0.544895 -0.83147 -0.108387
0.69352 -0.707107 -0.137951
0.69352 -0.707107 -0.137951
0.544895 -0.83147 -0.108387
0.51328 -0.83147 -0.212608
0.69352 -0.707107 -0.137951
0.51328 -0.83147 -0.212608
0.653281 -0.707107 -0.270599
0.653281 -0.707107 -0.270599
0.51328 -0.83147 -0.212608
0.461939 -0.83147 -0.308659
0.653281 -0.707107 -0.270599
0.461939 -0.83147 -0.308659
0.587937 -0.707107 -0.392849
0.587937 -0.707107 -0.392849
0.461939 -0.83147 -0.308659
0.392847 -0.83147 -0.392848
0.587937 -0.707107 -0.392849
0.392847 -0.83147 -0.392848
0.499999 -0.707107 -0.500001
0.499999 -0.707107 -0.500001
0.392847 -0.83147 -0.392848
0.308657 -0.83147 -0.46194
0.499999 -0.707107 -0.500001
0.308657 -0.83147 -0.46194
0.392846 -0.707107 -0.587939
0.392846 -0.707107 -0.587939
0.308657 -0.83147 -0.46194
0.212606 -0.83147 -0.51328
0.392846 -0.707107 -0.587939
0.212606 -0.83147 -0.51328
0.270597 -0.707107 -0.653282
0.270597 -0.707107 -0.653282
0.212606 -0.83147 -0.51328
0.108385 -0.83147 -0.544895
0.270597 -0.707107 -0.653282
0.108385 -0.83147 -0.544895
0.137948 -0.707107 -0.69352
0.137948 -0.707107 -0.69352
0.108385 -0.83147 -0.544895
-0 -0.83147 -0.55557
0.137948 -0.707107 -0.69352
-0 -0.83147 -0.55557
-0 -0.707107 -0.707107
-0 -0.83147 -0.55557
-0 -0.92388 -0.382683
-0.074658 -0.92388 -0.37533
-0 -0.83147 -0.55557
-0.074658 -0.92388 -0.37533
-0.108386 -0.83147 -0.544895
-0.108386 -0.83147 -0.544895
-0.074658 -0.92388 -0.37533
-0.146447 -0.92388 -0.353553
-0.108386 -0.83147 -0.544895
-0.146447 -0.92388 -0.353553
-0.212607 -0.83147 -0.51328
-0.212607 -0.83147 -0.51328
-0.146447 -0.92388 -0.353553
-0.212607 -0.92388 -0.31819
-0.212607 -0.83147 -0.51328
-0.212607 -0.92388 -0.31819
-0.308658 -0.83147 -0.46194
-0.308658 -0.83147 -0.46194
-0.212607 -0.92388 -0.31819
-0.270598 -0.92388 -0.270598
-0.308658 -0.83147 -0.46194
-0.270598 -0.92388 -0.270598
-0.392847 -0.83147 -0.392847
-0.392847 -0.83147 -0.392847
-0.270598 -0.92388 -0.270598
-0.31819 -0.92388 -0.212607
-0.392847 -0.83147 -0.392847
-0.31819 -0.92388 -0.212607
-0.46194 -0.83147 -0.308658
-0.46194 -0.83147 -0.308658
-0.31819 -0.92388 -0.212607
-0.353553 -0.92388 -0.146446
-0.46194 -0.83147 -0.308658
-0.353553 -0.92388 -0.146446
-0.51328 -0.83147 -0.212607
-0.51328 -0.83147 -0.212607
-0.353553 -0.92388 -0.146446
-0.37533 -0.92388 -0.074658
-0.51328 -0.83147 -0.212607
-0.37533 -0.92388 -0.074658
-0.544895 -0.83147 -0.108386
-0.544895 -0.83147 -0.108386
-0.37533 -0.92388 -0.074658
-0.382683 -0.92388 0
-0.544895 -0.83147 -0.108386
-0.382683 -0.92388 0
-0.55557 -0.83147 0
-0.55557 -0.83147 0
-0.382683 -0.92388 0
-0.37533 -0.92388 0.074658
-0.55557 -0.83147 0
-0.37533 -0.92388 0.074658
-0.544895 -0.83147 0.108387
-0.544895 -0.83147 0.108387
-0.37533 -0.92388 0.074658
-0.353553 -0.92388 0.146447
-0.544895 -0.83147 0.108387
-0.353553 -0.92388 0.146447
-0.51328 -0.83147 0.212608
-0.51328 -0.83147 0.212608
-0.353553 -0.92388 0.146447
-0.318189 -0.92388 0.212608
-0.51328 -0.83147 0.212608
-0.318189 -0.92388 0.212608
-0.46194 -0.83147 0.308659
-0.46194 -0.83147 0.308659
-0.318189 -0.92388 0.212608
-0.270598 -0.92388 0.270598
-0.46194 -0.83147 0.308659
-0.270598 -0.92388 0.270598
-0.392847 -0.83147 0.392848
-0.392847 -0.83147 0.392848
-0.270598 -0.92388 0.270598
-0.212607 -0.92388 0.31819
-0.392847 -0.83147 0.392848
-0.212607 -0.92388 0.31819
-0.308658 -0.83147 0.46194
-0.308658 -0.83147 0.46194
-0.212607 -0.92388 0.31819
-0.146446 -0.92388 0.353553
-0.308658 -0.83147 0.46194
-0.146446 -0.92388 0.353553
-0.212607 -0.83147 0.51328
-0.212607 -0.83147 0.51328
-0.146446 -0.92388 0.353553
-0.074657 -0.92388 0.37533
-0.212607 -0.83147 0.51328
-0.074657 -0.92388 0.37533
-0.108386 -0.83147 0.544895
-0.108386 -0.83147 0.544895
-0.074657 -0.92388 0.37533
0 -0.92388 0.382683
-0.108386 -0.83147 0.544895
0 -0.92388 0.382683
1e-006 -0.83147 0.55557
1e-006 -0.83147 0.55557
0 -0.92388 0.382683
0.074658 -0.92388 0.37533
1e-006 -0.83147 0.55557
0.074658 -0.92388 0.37533
0.108387 -0.83147 0.544895
0.108387 -0.83147 0.544895
0.074658 -0.92388 0.37533
0.146447 -0.92388 0.353553
0.108387 -0.83147 0.544895
0.146447 -0.92388 0.353553
0.212608 -0.83147 0.51328
0.212608 -0.83147 0.51328
0.146447 -0.92388 0.353553
0.212608 -0.92388 0.318189
0.212608 -0.83147 0.51328
0.212608 -0.92388 0.318189
0.308659 -0.83147 0.461939
0.308659 -0.83147 0.461939
0.212608 -0.92388 0.318189
0.270598 -0.92388 0.270598
0.308659 -0.83147 0.461939
0.270598 -0.92388 0.270598
0.392848 -0.83147 0.392847
0.392848 -0.83147 0.392847
0.270598 -0.92388 0.270598
0.31819 -0.92388 0.212607
0.392848 -0.83147 0.392847
0.31819 -0.92388 0.212607
0.46194 -0.83147 0.308658
0.46194 -0.83147 0.308658
0.31819 -0.92388 0.212607
0.353553 -0.92388 0.146446
0.46194 -0.83147 0.308658
0.353553 -0.92388 0.146446
0.51328 -0.83147 0.212607
0.51328 -0.83147 0.212607
0.353553 -0.92388 0.146446
0.37533 -0.92388 0.074657
0.51328 -0.83147 0.212607
0.37533 -0.92388 0.074657
0.544895 -0.83147 0.108386
0.544895 -0.83147 0.108386
0.37533 -0.92388 0.074657
0.382683 -0.92388 -1e-006
0.544895 -0.83147 0.108386
0.382683 -0.92388 -1e-006
0.55557 -0.83147 -1e-006
0.55557 -0.83147 -1e-006
0.382683 -0.92388 -1e-006
0.37533 -0.92388 -0.074658
0.55557 -0.83147 -1e-006
0.37533 -0.92388 -0.074658
0.544895 -0.83147 -0.108387
0.544895 -0.83147 -0.108387
0.37533 -0.92388 -0.074658
0.353553 -0.92388 -0.146447
0.544895 -0.83147 -0.108387
0.353553 -0.92388 -0.146447
0.51328 -0.83147 -0.212608
0.51328 -0.83147 -0.212608
0.353553 -0.92388 -0.146447
0.318189 -0.92388 -0.212608
0.51328 -0.83147 -0.212608
0.318189 -0.92388 -0.212608
0.461939 -0.83147 -0.308659
0.461939 -0.83147 -0.308659
0.318189 -0.92388 -0.212608
0.270597 -0.92388 -0.270598
0.461939 -0.83147 -0.308659
0.270597 -0.92388 -0.270598
0.392847 -0.83147 -0.392848
0.392847 -0.83147 -0.392848
0.270597 -0.92388 -0.270598
0.212607 -0.92388 -0.31819
0.392847 -0.83147 -0.392848
0.212607 -0.92388 -0.31819
0.308657 -0.83147 -0.46194
0.308657 -0.83147 -0.46194
0.212607 -0.92388 -0.31819
0.146446 -0.92388 -0.353554
0.308657 -0.83147 -0.46194
0.146446 -0.92388 -0.353554
0.212606 -0.83147 -0.51328
0.212606 -0.83147 -0.51328
0.146446 -0.92388 -0.353554
0.074657 -0.92388 -0.37533
0.212606 -0.83147 -0.51328
0.074657 -0.92388 -0.37533
0.108385 -0.83147 -0.544895
0.108385 -0.83147 -0.544895
0.074657 -0.92388 -0.37533
-0 -0.92388 -0.382683
0.108385 -0.83147 -0.544895
-0 -0.92388 -0.382683
-0 -0.83147 -0.55557
-0 -0.92388 -0.382683
-0 -0.980785 -0.19509
-0.03806 -0.980785 -0.191341
-0 -0.92388 -0.382683
-0.03806 -0.980785 -0.191341
-0.074658 -0.92388 -0.37533
-0.074658 -0.92388 -0.37533
-0.03806 -0.980785 -0.191341
-0.074658 -0.980785 -0.18024
-0.074658 -0.92388 -0.37533
-0.074658 -0.980785 -0.18024
-0.146447 -0.92388 -0.353553
-0.146447 -0.92388 -0.353553
-0.074658 -0.980785 -0.18024
-0.108386 -0.980785 -0.162211
-0.146447 -0.92388 -0.353553
-0.108386 -0.980785 -0.162211
-0.212607 -0.92388 -0.31819
-0.212607 -0.92388 -0.31819
-0.108386 -0.980785 -0.162211
-0.13795 -0.980785 -0.13795
-0.212607 -0.92388 -0.31819
-0.13795 -0.980785 -0.13795
-0.270598 -0.92388 -0.270598
-0.270598 -0.92388 -0.270598
-0.13795 -0.980785 -0.13795
-0.162211 -0.980785 -0.108386
-0.270598 -0.92388 -0.270598
-0.162211 -0.980785 -0.108386
-0.31819 -0.92388 -0.212607
-0.31819 -0.92388 -0.212607
-0.162211 -0.980785 -0.108386
-0.18024 -0.980785 -0.074658
-0.31819 -0.92388 -0.212607
-0.18024 -0.980785 -0.074658
-0.353553 -0.92388 -0.146446
-0.353553 -0.92388 -0.146446
-0.18024 -0.980785 -0.074658
-0.191341 -0.980785 -0.03806
-0.353553 -0.92388 -0.146446
-0.191341 -0.980785 -0.03806
-0.37533 -0.92388 -0.074658
-0.37533 -0.92388 -0.074658
-0.191341 -0.980785 -0.03806
-0.19509 -0.980785 0
-0.37533 -0.92388 -0.074658
-0.19509 -0.980785 0
-0.382683 -0.92388 0
-0.382683 -0.92388 0
-0.19509 -0.980785 0
-0.191341 -0.980785 0.03806
-0.382683 -0.92388 0
-0.191341 -0.980785 0.03806
-0.37533 -0.92388 0.074658
-0.37533 -0.92388 0.074658
-0.191341 -0.980785 0.03806
-0.18024 -0.980785 0.074658
-0.37533 -0.92388 0.074658
-0.18024 -0.980785 0.074658
-0.353553 -0.92388 0.146447
-0.353553 -0.92388 0.146447
-0.18024 -0.980785 0.074658
-0.162211 -0.980785 0.108386
-0.353553 -0.92388 0.146447
-0.162211 -0.980785 0.108386
-0.318189 -0.92388 0.212608
-0.318189 -0.92388 0.212608
-0.162211 -0.980785 0.108386
-0.137949 -0.980785 0.13795
-0.318189 -0.92388 0.212608
-0.137949 -0.980785 0.13795
-0.270598 -0.92388 0.270598
-0.270598 -0.92388 0.270598
-0.137949 -0.980785 0.13795
-0.108386 -0.980785 0.162212
-0.270598 -0.92388 0.270598
-0.108386 -0.980785 0.162212
-0.212607 -0.92388 0.31819
-0.212607 -0.92388 0.31819
-0.108386 -0.980785 0.162212
-0.074658 -0.980785 0.18024
-0.212607 -0.92388 0.31819
-0.074658 -0.980785 0.18024
-0.146446 -0.92388 0.353553
-0.146446 -0.92388 0.353553
-0.074658 -0.980785 0.18024
-0.03806 -0.980785 0.191342
-0.146446 -0.92388 0.353553
-0.03806 -0.980785 0.191342
-0.074657 -0.92388 0.37533
-0.074657 -0.92388 0.37533
-0.03806 -0.980785 0.191342
0 -0.980785 0.19509
-0.074657 -0.92388 0.37533
0 -0.980785 0.19509
0 -0.92388 0.382683
0 -0.92388 0.382683
0 -0.980785 0.19509
0.03806 -0.980785 0.191341
0 -0.92388 0.382683
0.03806 -0.980785 0.191341
0.074658 -0.92388 0.37533
0.074658 -0.92388 0.37533
0.03806 -0.980785 0.191341
0.074658 -0.980785 0.18024
0.074658 -0.92388 0.37533
0.074658 -0.980785 0.18024
0.146447 -0.92388 0.353553
0.146447 -0.92388 0.353553
0.074658 -0.980785 0.18024
0.108386 -0.980785 0.162211
0.146447 -0.92388 0.353553
0.108386 -0.980785 0.162211
0.212608 -0.92388 0.318189
0.212608 -0.92388 0.318189
0.108386 -0.980785 0.162211
0.13795 -0.980785 0.137949
0.212608 -0.92388 0.318189
0.13795 -0.980785 0.137949
0.270598 -0.92388 0.270598
0.270598 -0.92388 0.270598
0.13795 -0.980785 0.137949
0.162212 -0.980785 0.108386
0.270598 -0.92388 0.270598
0.162212 -0.980785 0.108386
0.31819 -0.92388 0.212607
0.31819 -0.92388 0.212607
0.162212 -0.980785 0.108386
0.18024 -0.980785 0.074657
0.31819 -0.92388 0.212607
0.18024 -0.980785 0.074657
0.353553 -0.92388 0.146446
0.353553 -0.92388 0.146446
0.18024 -0.980785 0.074657
0.191342 -0.980785 0.03806
0.353553 -0.92388 0.146446
0.191342 -0.980785 0.03806
0.37533 -0.92388 0.074657
0.37533 -0.92388 0.074657
0.191342 -0.980785 0.03806
0.19509 -0.980785 -0
0.37533 -0.92388 0.074657
0.19509 -0.980785 -0
0.382683 -0.92388 -1e-006
0.382683 -0.92388 -1e-006
0.19509 -0.980785 -0
0.191341 -0.980785 -0.03806
0.382683 -0.92388 -1e-006
0.191341 -0.980785 -0.03806
0.37533 -0.92388 -0.074658
0.37533 -0.92388 -0.074658
0.191341 -0.980785 -0.03806
0.18024 -0.980785 -0.074658
0.37533 -0.92388 -0.074658
0.18024 -0.980785 -0.074658
0.353553 -0.92388 -0.146447
0.353553 -0.92388 -0.146447
0.18024 -0.980785 -0.074658
0.162211 -0.980785 -0.108387
0.353553 -0.92388 -0.146447
0.162211 -0.980785 -0.108387
0.318189 -0.92388 -0.212608
0.318189 -0.92388 -0.212608
0.162211 -0.980785 -0.108387
0.137949 -0.980785 -0.13795
0.318189 -0.92388 -0.212608
0.137949 -0.980785 -0.13795
0.270597 -0.92388 -0.270598
0.270597 -0.92388 -0.270598
0.137949 -0.980785 -0.13795
0.108386 -0.980785 -0.162212
0.270597 -0.92388 -0.270598
0.108386 -0.980785 -0.162212
0.212607 -0.92388 -0.31819
0.212607 -0.92388 -0.31819
0.108386 -0.980785 -0.162212
0.074657 -0.980785 -0.18024
0.212607 -0.92388 -0.31819
0.074657 -0.980785 -0.18024
0.146446 -0.92388 -0.353554
0.146446 -0.92388 -0.353554
0.074657 -0.980785 -0.18024
0.03806 -0.980785 -0.191342
0.146446 -0.92388 -0.353554
0.03806 -0.980785 -0.191342
0.074657 -0.92388 -0.37533
0.074657 -0.92388 -0.37533
0.03806 -0.980785 -0.191342
-0 -0.980785 -0.19509
0.074657 -0.92388 -0.37533
-0 -0.980785 -0.19509
-0 -0.92388 -0.382683
0 -1 -0
-0.03806 -0.980785 -0.191341
-0 -0.980785 -0.19509
0 -1 -0
-0.074658 -0.980785 -0.18024
-0.03806 -0.980785 -0.191341
0 -1 -0
-0.108386 -0.980785 -0.162211
-0.074658 -0.980785 -0.18024
0 -1 -0
-0.13795 -0.980785 -0.13795
-0.108386 -0.980785 -0.162211
0 -1 -0
-0.162211 -0.980785 -0.108386
-0.13795 -0.980785 -0.13795
0 -1 -0
-0.18024 -0.980785 -0.074658
-0.162211 -0.980785 -0.108386
0 -1 -0
-0.191341 -0.980785 -0.03806
-0.18024 -0.980785 -0.074658
0 -1 -0
-0.19509 -0.980785 0
-0.191341 -0.980785 -0.03806
0 -1 -0
-0.191341 -0.980785 0.03806
-0.19509 -0.980785 0
0 -1 -0
-0.18024 -0.980785 0.074658
-0.191341 -0.980785 0.03806
0 -1 -0
-0.162211 -0.980785 0.108386
-0.18024 -0.980785 0.074658
0 -1 -0
-0.137949 -0.980785 0.13795
-0.162211 -0.980785 0.108386
0 -1 -0
-0.108386 -0.980785 0.162212
-0.137949 -0.980785 0.13795
0 -1 -0
-0.074658 -0.980785 0.18024
-0.108386 -0.980785 0.162212
0 -1 -0
-0.03806 -0.980785 0.191342
-0.074658 -0.980785 0.18024
0 -1 -0
0 -0.980785 0.19509
-0.03806 -0.980785 0.191342
0 -1 -0
0.03806 -0.980785 0.191341
0 -0.980785 0.19509
0 -1 -0
0.074658 -0.980785 0.18024
0.03806 -0.980785 0.191341
0 -1 -0
0.108386 -0.980785 0.162211
0.074658 -0.980785 0.18024
0 -1 -0
0.13795 -0.980785 0.137949
0.108386 -0.980785 0.162211
0 -1 -0
0.162212 -0.980785 0.108386
0.13795 -0.980785 0.137949
0 -1 -0
0.18024 -0.980785 0.074657
0.162212 -0.980785 0.108386
0 -1 -0
0.191342 -0.980785 0.03806
0.18024 -0.980785 0.074657
0 -1 -0
0.19509 -0.980785 -0
0.191342 -0.980785 0.03806
0 -1 -0
0.191341 -0.980785 -0.03806
0.19509 -0.980785 -0
0 -1 -0
0.18024 -0.980785 -0.074658
0.191341 -0.980785 -0.03806
0 -1 -0
0.162211 -0.980785 -0.108387
0.18024 -0.980785 -0.074658
0 -1 -0
0.137949 -0.980785 -0.13795
0.162211 -0.980785 -0.108387
0 -1 -0
0.108386 -0.980785 -0.162212
0.137949 -0.980785 -0.13795
0 -1 -0
0.074657 -0.980785 -0.18024
0.108386 -0.980785 -0.162212
0 -1 -0
0.03806 -0.980785 -0.191342
0.074657 -0.980785 -0.18024
0 -1 -0
-0 -0.980785 -0.19509
0.03806 -0.980785 -0.191342
